1.553038358688354492e+00 9.889738464355468750e+01 2.025619983673095703e+00 9.839916229248046875e+01 3.178617229647062686e+03
1.553038358688354492e+00 9.889738464355468750e+01 2.113666772842407227e+00 9.831295776367187500e+01 3.175135084727752201e+03
1.553038358688354492e+00 9.889738464355468750e+01 2.197953462600708008e+00 9.821308898925781250e+01 3.148005427121286175e+03
1.553038358688354492e+00 9.889738464355468750e+01 2.656156778335571289e+00 9.826209259033203125e+01 2.966598035006338250e+03
1.553038358688354492e+00 9.889738464355468750e+01 2.718961715698242188e+00 9.838627624511718750e+01 2.966474769055011620e+03
1.553038358688354492e+00 9.889738464355468750e+01 2.278584957122802734e+00 9.874678802490234375e+01 3.244474123141501877e+03
1.553038358688354492e+00 9.889738464355468750e+01 2.265061616897583008e+00 9.884958648681640625e+01 3.131522663889089927e+03
1.553038358688354492e+00 9.889738464355468750e+01 2.104069948196411133e+00 9.895868682861328125e+01 2.560710994136544741e+03
1.553038358688354492e+00 9.889738464355468750e+01 2.160723209381103516e+00 9.862948608398437500e+01 3.306614237429853347e+03
1.553038358688354492e+00 9.889738464355468750e+01 2.153630018234252930e+00 9.847654724121093750e+01 3.218412726861552073e+03
1.553038358688354492e+00 9.889738464355468750e+01 2.642735004425048828e+00 9.842424011230468750e+01 3.130242274637262199e+03
1.553038358688354492e+00 9.889738464355468750e+01 2.321415424346923828e+00 9.849951934814453125e+01 2.852757426919817135e+03
1.553038358688354492e+00 9.889738464355468750e+01 2.570430040359497070e+00 9.871682739257812500e+01 3.083570087722624066e+03
1.553038358688354492e+00 9.889738464355468750e+01 2.331146717071533203e+00 9.905257415771484375e+01 2.841431648964241504e+03
1.553038358688354492e+00 9.889738464355468750e+01 2.431531667709350586e+00 9.916289520263671875e+01 2.877442825142548827e+03
1.553038358688354492e+00 9.889738464355468750e+01 2.542735099792480469e+00 9.909260559082031250e+01 2.882875227619140787e+03
1.553038358688354492e+00 9.889738464355468750e+01 2.620718240737915039e+00 9.898872375488281250e+01 2.830469012312658379e+03
1.553038358688354492e+00 9.889738464355468750e+01 2.695208311080932617e+00 9.892404937744140625e+01 2.716811858912226398e+03
1.553038358688354492e+00 9.889738464355468750e+01 2.816009998321533203e+00 9.881053924560546875e+01 2.479520031919727444e+03
1.553038358688354492e+00 9.889738464355468750e+01 2.934155702590942383e+00 9.860175323486328125e+01 3.022362853243840618e+03
1.553038358688354492e+00 9.889738464355468750e+01 2.880765914916992188e+00 9.850036621093750000e+01 2.732494642871673932e+03
1.553038358688354492e+00 9.889738464355468750e+01 2.962328195571899414e+00 9.885092163085937500e+01 2.845357427561173608e+03
1.553038358688354492e+00 9.889738464355468750e+01 2.815013408660888672e+00 9.917713165283203125e+01 2.948269673250591040e+03
1.553038358688354492e+00 9.889738464355468750e+01 2.962640047073364258e+00 9.885051727294921875e+01 2.841574899919160998e+03
1.784703254699707031e+00 9.874190521240234375e+01 2.113666772842407227e+00 9.831295776367187500e+01 3.150280394118105960e+03
1.784703254699707031e+00 9.874190521240234375e+01 2.197953462600708008e+00 9.821308898925781250e+01 3.129543148569621280e+03
1.784703254699707031e+00 9.874190521240234375e+01 2.664046764373779297e+00 9.819102478027343750e+01 3.259019551175353627e+03
1.784703254699707031e+00 9.874190521240234375e+01 2.656156778335571289e+00 9.826209259033203125e+01 3.268116617872041388e+03
1.784703254699707031e+00 9.874190521240234375e+01 2.626151800155639648e+00 9.848457336425781250e+01 3.206543379605350310e+03
1.784703254699707031e+00 9.874190521240234375e+01 2.518174886703491211e+00 9.863951110839843750e+01 3.122756353845100875e+03
1.784703254699707031e+00 9.874190521240234375e+01 2.278584957122802734e+00 9.874678802490234375e+01 3.311918221489066127e+03
1.784703254699707031e+00 9.874190521240234375e+01 2.265061616897583008e+00 9.884958648681640625e+01 3.091027303898659738e+03
1.784703254699707031e+00 9.874190521240234375e+01 2.228559970855712891e+00 9.893597412109375000e+01 2.988466296164406231e+03
1.784703254699707031e+00 9.874190521240234375e+01 2.284437894821166992e+00 9.836296081542968750e+01 3.277350815194992720e+03
1.784703254699707031e+00 9.874190521240234375e+01 2.642735004425048828e+00 9.842424011230468750e+01 3.237969055329701405e+03
1.784703254699707031e+00 9.874190521240234375e+01 2.321415424346923828e+00 9.849951934814453125e+01 3.280211261050355461e+03
1.784703254699707031e+00 9.874190521240234375e+01 2.437789916992187500e+00 9.888670349121093750e+01 2.867024986682551571e+03
1.784703254699707031e+00 9.874190521240234375e+01 2.570430040359497070e+00 9.871682739257812500e+01 3.022934124059650458e+03
1.784703254699707031e+00 9.874190521240234375e+01 2.716820001602172852e+00 9.869258880615234375e+01 2.933066944909297035e+03
1.784703254699707031e+00 9.874190521240234375e+01 2.677619934082031250e+00 9.883699798583984375e+01 2.767103885230315427e+03
1.784703254699707031e+00 9.874190521240234375e+01 2.331146717071533203e+00 9.905257415771484375e+01 2.972008840418211093e+03
1.784703254699707031e+00 9.874190521240234375e+01 2.431531667709350586e+00 9.916289520263671875e+01 2.939764561603651146e+03
1.784703254699707031e+00 9.874190521240234375e+01 2.542735099792480469e+00 9.909260559082031250e+01 2.972354345770556847e+03
1.784703254699707031e+00 9.874190521240234375e+01 2.620718240737915039e+00 9.898872375488281250e+01 2.855159127437468669e+03
1.784703254699707031e+00 9.874190521240234375e+01 2.695208311080932617e+00 9.892404937744140625e+01 2.689265507087025526e+03
1.784703254699707031e+00 9.874190521240234375e+01 2.816009998321533203e+00 9.881053924560546875e+01 2.761693291254473934e+03
1.784703254699707031e+00 9.874190521240234375e+01 2.903500080108642578e+00 9.869284820556640625e+01 2.619286141947161923e+03
1.784703254699707031e+00 9.874190521240234375e+01 2.934155702590942383e+00 9.860175323486328125e+01 3.020983518865921724e+03
1.784703254699707031e+00 9.874190521240234375e+01 2.880765914916992188e+00 9.850036621093750000e+01 2.837008459376732844e+03
1.784703254699707031e+00 9.874190521240234375e+01 3.112422943115234375e+00 9.856379699707031250e+01 3.073294322163537799e+03
1.784703254699707031e+00 9.874190521240234375e+01 2.962328195571899414e+00 9.885092163085937500e+01 2.834635390290834493e+03
1.784703254699707031e+00 9.874190521240234375e+01 2.962640047073364258e+00 9.885051727294921875e+01 2.835344776262874802e+03
1.906895041465759277e+00 9.861446380615234375e+01 2.197953462600708008e+00 9.821308898925781250e+01 3.123250052655529544e+03
1.906895041465759277e+00 9.861446380615234375e+01 2.664046764373779297e+00 9.819102478027343750e+01 3.288720166434491603e+03
1.906895041465759277e+00 9.861446380615234375e+01 2.656156778335571289e+00 9.826209259033203125e+01 3.249014627693811690e+03
1.906895041465759277e+00 9.861446380615234375e+01 2.718961715698242188e+00 9.838627624511718750e+01 3.202582477042788469e+03
1.906895041465759277e+00 9.861446380615234375e+01 2.518174886703491211e+00 9.863951110839843750e+01 3.053152600841512140e+03
1.906895041465759277e+00 9.861446380615234375e+01 2.228559970855712891e+00 9.893597412109375000e+01 3.049165639789897341e+03
1.906895041465759277e+00 9.861446380615234375e+01 2.642735004425048828e+00 9.842424011230468750e+01 3.171155081657254414e+03
1.906895041465759277e+00 9.861446380615234375e+01 2.437789916992187500e+00 9.888670349121093750e+01 2.915186186156494841e+03
1.906895041465759277e+00 9.861446380615234375e+01 2.570430040359497070e+00 9.871682739257812500e+01 2.990291080637757659e+03
1.906895041465759277e+00 9.861446380615234375e+01 2.716820001602172852e+00 9.869258880615234375e+01 2.884406495716931204e+03
1.906895041465759277e+00 9.861446380615234375e+01 2.677619934082031250e+00 9.883699798583984375e+01 2.731484819048912414e+03
1.906895041465759277e+00 9.861446380615234375e+01 2.331146717071533203e+00 9.905257415771484375e+01 3.012554693874975783e+03
1.906895041465759277e+00 9.861446380615234375e+01 2.431531667709350586e+00 9.916289520263671875e+01 3.032487642412540026e+03
1.906895041465759277e+00 9.861446380615234375e+01 2.542735099792480469e+00 9.909260559082031250e+01 2.954441153052543541e+03
1.906895041465759277e+00 9.861446380615234375e+01 2.620718240737915039e+00 9.898872375488281250e+01 2.801116641090390658e+03
1.906895041465759277e+00 9.861446380615234375e+01 2.695208311080932617e+00 9.892404937744140625e+01 2.744197415389896378e+03
1.906895041465759277e+00 9.861446380615234375e+01 2.816009998321533203e+00 9.881053924560546875e+01 2.740762458573013646e+03
1.906895041465759277e+00 9.861446380615234375e+01 2.903500080108642578e+00 9.869284820556640625e+01 2.954909601844509325e+03
1.906895041465759277e+00 9.861446380615234375e+01 2.934155702590942383e+00 9.860175323486328125e+01 3.002549582874294174e+03
1.906895041465759277e+00 9.861446380615234375e+01 2.880765914916992188e+00 9.850036621093750000e+01 3.122699642724128807e+03
1.906895041465759277e+00 9.861446380615234375e+01 3.112422943115234375e+00 9.856379699707031250e+01 3.016955791489294370e+03
1.906895041465759277e+00 9.861446380615234375e+01 2.962328195571899414e+00 9.885092163085937500e+01 2.811231623699920419e+03
1.906895041465759277e+00 9.861446380615234375e+01 2.815013408660888672e+00 9.917713165283203125e+01 2.997283705316285250e+03
1.906895041465759277e+00 9.861446380615234375e+01 2.562353372573852539e+00 9.933911132812500000e+01 3.172376924590663293e+03
2.025619983673095703e+00 9.839916229248046875e+01 2.632918357849121094e+00 9.810843658447265625e+01 2.399494527710732200e+03
2.025619983673095703e+00 9.839916229248046875e+01 2.664046764373779297e+00 9.819102478027343750e+01 3.121773311352256314e+03
2.025619983673095703e+00 9.839916229248046875e+01 2.656156778335571289e+00 9.826209259033203125e+01 3.101765702608009178e+03
2.025619983673095703e+00 9.839916229248046875e+01 2.718961715698242188e+00 9.838627624511718750e+01 3.100798203504094090e+03
2.025619983673095703e+00 9.839916229248046875e+01 2.626151800155639648e+00 9.848457336425781250e+01 3.066166536085828739e+03
2.025619983673095703e+00 9.839916229248046875e+01 2.518174886703491211e+00 9.863951110839843750e+01 3.119319351697216916e+03
2.025619983673095703e+00 9.839916229248046875e+01 2.265061616897583008e+00 9.884958648681640625e+01 3.142678753725968818e+03
2.025619983673095703e+00 9.839916229248046875e+01 2.228559970855712891e+00 9.893597412109375000e+01 3.084954464338990419e+03
2.025619983673095703e+00 9.839916229248046875e+01 1.950483322143554688e+00 9.894409942626953125e+01 3.148400512992157928e+03
2.025619983673095703e+00 9.839916229248046875e+01 1.864310026168823242e+00 9.890687561035156250e+01 3.207296181392546259e+03
2.025619983673095703e+00 9.839916229248046875e+01 2.642735004425048828e+00 9.842424011230468750e+01 3.072788836942706439e+03
2.025619983673095703e+00 9.839916229248046875e+01 2.437789916992187500e+00 9.888670349121093750e+01 2.846693744068342312e+03
2.025619983673095703e+00 9.839916229248046875e+01 2.570430040359497070e+00 9.871682739257812500e+01 3.043113924085595045e+03
2.025619983673095703e+00 9.839916229248046875e+01 2.716820001602172852e+00 9.869258880615234375e+01 2.916969811233921519e+03
2.025619983673095703e+00 9.839916229248046875e+01 2.331146717071533203e+00 9.905257415771484375e+01 3.055374742618496384e+03
2.025619983673095703e+00 9.839916229248046875e+01 2.431531667709350586e+00 9.916289520263671875e+01 3.060710743785439263e+03
2.025619983673095703e+00 9.839916229248046875e+01 2.542735099792480469e+00 9.909260559082031250e+01 2.651507073907132508e+03
2.025619983673095703e+00 9.839916229248046875e+01 2.620718240737915039e+00 9.898872375488281250e+01 2.778271806157187257e+03
2.025619983673095703e+00 9.839916229248046875e+01 2.816009998321533203e+00 9.881053924560546875e+01 2.867511466878875581e+03
2.025619983673095703e+00 9.839916229248046875e+01 2.903500080108642578e+00 9.869284820556640625e+01 2.945294979163808875e+03
2.025619983673095703e+00 9.839916229248046875e+01 2.934155702590942383e+00 9.860175323486328125e+01 3.019073011055878396e+03
2.025619983673095703e+00 9.839916229248046875e+01 3.112422943115234375e+00 9.856379699707031250e+01 3.036276111189842140e+03
2.025619983673095703e+00 9.839916229248046875e+01 2.962328195571899414e+00 9.885092163085937500e+01 2.916063482754641882e+03
2.025619983673095703e+00 9.839916229248046875e+01 2.815013408660888672e+00 9.917713165283203125e+01 2.876406534752587959e+03
2.025619983673095703e+00 9.839916229248046875e+01 2.962640047073364258e+00 9.885051727294921875e+01 2.931588146763268924e+03
2.113666772842407227e+00 9.831295776367187500e+01 2.664046764373779297e+00 9.819102478027343750e+01 3.189022007982277955e+03
2.113666772842407227e+00 9.831295776367187500e+01 2.656156778335571289e+00 9.826209259033203125e+01 3.195269306978814711e+03
2.113666772842407227e+00 9.831295776367187500e+01 2.518174886703491211e+00 9.863951110839843750e+01 3.136243258307712495e+03
2.113666772842407227e+00 9.831295776367187500e+01 2.265061616897583008e+00 9.884958648681640625e+01 3.089109035355790184e+03
2.113666772842407227e+00 9.831295776367187500e+01 2.228559970855712891e+00 9.893597412109375000e+01 3.148088903242986362e+03
2.113666772842407227e+00 9.831295776367187500e+01 2.104069948196411133e+00 9.895868682861328125e+01 3.108532503221329080e+03
2.113666772842407227e+00 9.831295776367187500e+01 1.950483322143554688e+00 9.894409942626953125e+01 3.115016204688488870e+03
2.113666772842407227e+00 9.831295776367187500e+01 1.864310026168823242e+00 9.890687561035156250e+01 3.221821328510398871e+03
2.113666772842407227e+00 9.831295776367187500e+01 2.642735004425048828e+00 9.842424011230468750e+01 3.051251194801008296e+03
2.113666772842407227e+00 9.831295776367187500e+01 2.437789916992187500e+00 9.888670349121093750e+01 2.864103944572000728e+03
2.113666772842407227e+00 9.831295776367187500e+01 2.570430040359497070e+00 9.871682739257812500e+01 3.001569043035436152e+03
2.113666772842407227e+00 9.831295776367187500e+01 2.716820001602172852e+00 9.869258880615234375e+01 2.905062011854659431e+03
2.113666772842407227e+00 9.831295776367187500e+01 2.677619934082031250e+00 9.883699798583984375e+01 2.746617974190894984e+03
2.113666772842407227e+00 9.831295776367187500e+01 2.331146717071533203e+00 9.905257415771484375e+01 3.067653244098315554e+03
2.113666772842407227e+00 9.831295776367187500e+01 2.431531667709350586e+00 9.916289520263671875e+01 3.074668731320652569e+03
2.113666772842407227e+00 9.831295776367187500e+01 2.542735099792480469e+00 9.909260559082031250e+01 2.875740407227960532e+03
2.113666772842407227e+00 9.831295776367187500e+01 2.620718240737915039e+00 9.898872375488281250e+01 2.763332921512318990e+03
2.113666772842407227e+00 9.831295776367187500e+01 2.816009998321533203e+00 9.881053924560546875e+01 2.884741040090215392e+03
2.113666772842407227e+00 9.831295776367187500e+01 2.934155702590942383e+00 9.860175323486328125e+01 2.999317033817934771e+03
2.113666772842407227e+00 9.831295776367187500e+01 2.880765914916992188e+00 9.850036621093750000e+01 3.059569805020977128e+03
2.113666772842407227e+00 9.831295776367187500e+01 3.112422943115234375e+00 9.856379699707031250e+01 3.039117747084901566e+03
2.113666772842407227e+00 9.831295776367187500e+01 2.962328195571899414e+00 9.885092163085937500e+01 2.952457696739828862e+03
2.113666772842407227e+00 9.831295776367187500e+01 2.562353372573852539e+00 9.933911132812500000e+01 2.596955947230136189e+03
2.197953462600708008e+00 9.821308898925781250e+01 2.632918357849121094e+00 9.810843658447265625e+01 2.849885071662498831e+03
2.197953462600708008e+00 9.821308898925781250e+01 2.664046764373779297e+00 9.819102478027343750e+01 3.097901023104432625e+03
2.197953462600708008e+00 9.821308898925781250e+01 2.656156778335571289e+00 9.826209259033203125e+01 3.074450644501067018e+03
2.197953462600708008e+00 9.821308898925781250e+01 2.718961715698242188e+00 9.838627624511718750e+01 3.064768041898132196e+03
2.197953462600708008e+00 9.821308898925781250e+01 2.626151800155639648e+00 9.848457336425781250e+01 3.093337988024108654e+03
2.197953462600708008e+00 9.821308898925781250e+01 2.518174886703491211e+00 9.863951110839843750e+01 3.117361428896807411e+03
2.197953462600708008e+00 9.821308898925781250e+01 2.278584957122802734e+00 9.874678802490234375e+01 3.239200440085110586e+03
2.197953462600708008e+00 9.821308898925781250e+01 2.265061616897583008e+00 9.884958648681640625e+01 3.120708196008534287e+03
2.197953462600708008e+00 9.821308898925781250e+01 1.950483322143554688e+00 9.894409942626953125e+01 3.122661862396053948e+03
2.197953462600708008e+00 9.821308898925781250e+01 2.642735004425048828e+00 9.842424011230468750e+01 3.073185771710598146e+03
2.197953462600708008e+00 9.821308898925781250e+01 2.570430040359497070e+00 9.871682739257812500e+01 3.011196834365109680e+03
2.197953462600708008e+00 9.821308898925781250e+01 2.716820001602172852e+00 9.869258880615234375e+01 2.922168984963342155e+03
2.197953462600708008e+00 9.821308898925781250e+01 2.542735099792480469e+00 9.909260559082031250e+01 2.838243915524874865e+03
2.197953462600708008e+00 9.821308898925781250e+01 2.695208311080932617e+00 9.892404937744140625e+01 2.667055838018624399e+03
2.197953462600708008e+00 9.821308898925781250e+01 2.816009998321533203e+00 9.881053924560546875e+01 2.928885856258492822e+03
2.197953462600708008e+00 9.821308898925781250e+01 2.903500080108642578e+00 9.869284820556640625e+01 2.947251040973208092e+03
2.197953462600708008e+00 9.821308898925781250e+01 2.934155702590942383e+00 9.860175323486328125e+01 2.969014947755632420e+03
2.197953462600708008e+00 9.821308898925781250e+01 2.880765914916992188e+00 9.850036621093750000e+01 3.038570472273453561e+03
2.197953462600708008e+00 9.821308898925781250e+01 3.112422943115234375e+00 9.856379699707031250e+01 3.037619245233514448e+03
2.197953462600708008e+00 9.821308898925781250e+01 2.815013408660888672e+00 9.917713165283203125e+01 2.811033933890482331e+03
2.197953462600708008e+00 9.821308898925781250e+01 2.562353372573852539e+00 9.933911132812500000e+01 2.846384218693805451e+03
2.197953462600708008e+00 9.821308898925781250e+01 1.785169959068298340e+00 9.911784362792968750e+01 3.250234558166673651e+03
2.632918357849121094e+00 9.810843658447265625e+01 2.278584957122802734e+00 9.874678802490234375e+01 2.758742610110982696e+03
2.632918357849121094e+00 9.810843658447265625e+01 2.265061616897583008e+00 9.884958648681640625e+01 2.692304317553839155e+03
2.632918357849121094e+00 9.810843658447265625e+01 2.104069948196411133e+00 9.895868682861328125e+01 2.605531072915224286e+03
2.632918357849121094e+00 9.810843658447265625e+01 2.153630018234252930e+00 9.847654724121093750e+01 2.550832369688041581e+03
2.632918357849121094e+00 9.810843658447265625e+01 2.570430040359497070e+00 9.871682739257812500e+01 2.169622542143713417e+03
2.632918357849121094e+00 9.810843658447265625e+01 2.716820001602172852e+00 9.869258880615234375e+01 2.068040543814878220e+03
2.632918357849121094e+00 9.810843658447265625e+01 2.677619934082031250e+00 9.883699798583984375e+01 2.736649354451552881e+03
2.632918357849121094e+00 9.810843658447265625e+01 2.331146717071533203e+00 9.905257415771484375e+01 2.190670529992161846e+03
2.632918357849121094e+00 9.810843658447265625e+01 2.431531667709350586e+00 9.916289520263671875e+01 2.217415880031926463e+03
2.632918357849121094e+00 9.810843658447265625e+01 2.542735099792480469e+00 9.909260559082031250e+01 2.244732439444819192e+03
2.632918357849121094e+00 9.810843658447265625e+01 2.620718240737915039e+00 9.898872375488281250e+01 2.713705799569106148e+03
2.632918357849121094e+00 9.810843658447265625e+01 2.816009998321533203e+00 9.881053924560546875e+01 3.301444787563897080e+03
2.632918357849121094e+00 9.810843658447265625e+01 2.903500080108642578e+00 9.869284820556640625e+01 2.271311788119403900e+03
2.632918357849121094e+00 9.810843658447265625e+01 2.880765914916992188e+00 9.850036621093750000e+01 2.761532350674499867e+03
2.632918357849121094e+00 9.810843658447265625e+01 3.112422943115234375e+00 9.856379699707031250e+01 2.675386738175102437e+03
2.632918357849121094e+00 9.810843658447265625e+01 2.962328195571899414e+00 9.885092163085937500e+01 3.530256274713958192e+03
2.632918357849121094e+00 9.810843658447265625e+01 2.815013408660888672e+00 9.917713165283203125e+01 2.340858152285790766e+03
2.632918357849121094e+00 9.810843658447265625e+01 2.562353372573852539e+00 9.933911132812500000e+01 2.811610356539379154e+03
2.632918357849121094e+00 9.810843658447265625e+01 1.785169959068298340e+00 9.911784362792968750e+01 2.300715433650988871e+03
2.664046764373779297e+00 9.819102478027343750e+01 2.518174886703491211e+00 9.863951110839843750e+01 3.103030735004891540e+03
2.664046764373779297e+00 9.819102478027343750e+01 2.278584957122802734e+00 9.874678802490234375e+01 2.865648604967072970e+03
2.664046764373779297e+00 9.819102478027343750e+01 2.265061616897583008e+00 9.884958648681640625e+01 3.197607071440127584e+03
2.664046764373779297e+00 9.819102478027343750e+01 2.228559970855712891e+00 9.893597412109375000e+01 3.187815329596134234e+03
2.664046764373779297e+00 9.819102478027343750e+01 2.104069948196411133e+00 9.895868682861328125e+01 3.057874107467143403e+03
2.664046764373779297e+00 9.819102478027343750e+01 1.864310026168823242e+00 9.890687561035156250e+01 3.231893219688090539e+03
2.664046764373779297e+00 9.819102478027343750e+01 2.160723209381103516e+00 9.862948608398437500e+01 3.261388852612602477e+03
2.664046764373779297e+00 9.819102478027343750e+01 2.153630018234252930e+00 9.847654724121093750e+01 3.294060923753158022e+03
2.664046764373779297e+00 9.819102478027343750e+01 2.437789916992187500e+00 9.888670349121093750e+01 2.958536499934849871e+03
2.664046764373779297e+00 9.819102478027343750e+01 2.570430040359497070e+00 9.871682739257812500e+01 2.461615233698936663e+03
2.664046764373779297e+00 9.819102478027343750e+01 2.677619934082031250e+00 9.883699798583984375e+01 2.807829173718221227e+03
2.664046764373779297e+00 9.819102478027343750e+01 2.331146717071533203e+00 9.905257415771484375e+01 3.047950697249531913e+03
2.664046764373779297e+00 9.819102478027343750e+01 2.542735099792480469e+00 9.909260559082031250e+01 2.747336914931467618e+03
2.664046764373779297e+00 9.819102478027343750e+01 2.620718240737915039e+00 9.898872375488281250e+01 2.753467519776356767e+03
2.664046764373779297e+00 9.819102478027343750e+01 2.695208311080932617e+00 9.892404937744140625e+01 2.719391614372901586e+03
2.664046764373779297e+00 9.819102478027343750e+01 2.816009998321533203e+00 9.881053924560546875e+01 2.865539519242903225e+03
2.664046764373779297e+00 9.819102478027343750e+01 2.903500080108642578e+00 9.869284820556640625e+01 2.944965757143713290e+03
2.664046764373779297e+00 9.819102478027343750e+01 2.934155702590942383e+00 9.860175323486328125e+01 2.960251594612219378e+03
2.664046764373779297e+00 9.819102478027343750e+01 3.112422943115234375e+00 9.856379699707031250e+01 3.021437135188082266e+03
2.664046764373779297e+00 9.819102478027343750e+01 2.962328195571899414e+00 9.885092163085937500e+01 2.960313894797934609e+03
2.664046764373779297e+00 9.819102478027343750e+01 2.815013408660888672e+00 9.917713165283203125e+01 2.867030164261897880e+03
2.664046764373779297e+00 9.819102478027343750e+01 1.785169959068298340e+00 9.911784362792968750e+01 2.865255202880349316e+03
2.664046764373779297e+00 9.819102478027343750e+01 2.962640047073364258e+00 9.885051727294921875e+01 2.939428177191349732e+03
2.656156778335571289e+00 9.826209259033203125e+01 2.265061616897583008e+00 9.884958648681640625e+01 3.201577948758262210e+03
2.656156778335571289e+00 9.826209259033203125e+01 2.228559970855712891e+00 9.893597412109375000e+01 3.179796480367684126e+03
2.656156778335571289e+00 9.826209259033203125e+01 2.160723209381103516e+00 9.862948608398437500e+01 3.260685079857174969e+03
2.656156778335571289e+00 9.826209259033203125e+01 2.153630018234252930e+00 9.847654724121093750e+01 3.220301484874243215e+03
2.656156778335571289e+00 9.826209259033203125e+01 2.437789916992187500e+00 9.888670349121093750e+01 2.940374228846466849e+03
2.656156778335571289e+00 9.826209259033203125e+01 2.570430040359497070e+00 9.871682739257812500e+01 2.865656753360112816e+03
2.656156778335571289e+00 9.826209259033203125e+01 2.716820001602172852e+00 9.869258880615234375e+01 2.840364397825013839e+03
2.656156778335571289e+00 9.826209259033203125e+01 2.677619934082031250e+00 9.883699798583984375e+01 2.770366482886394806e+03
2.656156778335571289e+00 9.826209259033203125e+01 2.331146717071533203e+00 9.905257415771484375e+01 3.046988528500598932e+03
2.656156778335571289e+00 9.826209259033203125e+01 2.431531667709350586e+00 9.916289520263671875e+01 2.724086616967199461e+03
2.656156778335571289e+00 9.826209259033203125e+01 2.542735099792480469e+00 9.909260559082031250e+01 2.709915988551008468e+03
2.656156778335571289e+00 9.826209259033203125e+01 2.620718240737915039e+00 9.898872375488281250e+01 2.725415013157764406e+03
2.656156778335571289e+00 9.826209259033203125e+01 2.695208311080932617e+00 9.892404937744140625e+01 2.641932582754015129e+03
2.656156778335571289e+00 9.826209259033203125e+01 2.816009998321533203e+00 9.881053924560546875e+01 2.838344519116661104e+03
2.656156778335571289e+00 9.826209259033203125e+01 2.903500080108642578e+00 9.869284820556640625e+01 2.927447284426678380e+03
2.656156778335571289e+00 9.826209259033203125e+01 2.934155702590942383e+00 9.860175323486328125e+01 2.927463671099116254e+03
2.656156778335571289e+00 9.826209259033203125e+01 3.112422943115234375e+00 9.856379699707031250e+01 3.028128838554575850e+03
2.656156778335571289e+00 9.826209259033203125e+01 2.962328195571899414e+00 9.885092163085937500e+01 2.955095802609197108e+03
2.656156778335571289e+00 9.826209259033203125e+01 2.815013408660888672e+00 9.917713165283203125e+01 2.731895064505436494e+03
2.656156778335571289e+00 9.826209259033203125e+01 2.562353372573852539e+00 9.933911132812500000e+01 3.227136457135074579e+03
2.656156778335571289e+00 9.826209259033203125e+01 1.785169959068298340e+00 9.911784362792968750e+01 2.834693801684751634e+03
2.656156778335571289e+00 9.826209259033203125e+01 2.962640047073364258e+00 9.885051727294921875e+01 2.941411862988641587e+03
2.718961715698242188e+00 9.838627624511718750e+01 2.278584957122802734e+00 9.874678802490234375e+01 3.038934216845003903e+03
2.718961715698242188e+00 9.838627624511718750e+01 2.228559970855712891e+00 9.893597412109375000e+01 3.080633163189236711e+03
2.718961715698242188e+00 9.838627624511718750e+01 1.950483322143554688e+00 9.894409942626953125e+01 2.673635956820356114e+03
2.718961715698242188e+00 9.838627624511718750e+01 1.864310026168823242e+00 9.890687561035156250e+01 3.037093857679124994e+03
2.718961715698242188e+00 9.838627624511718750e+01 2.160723209381103516e+00 9.862948608398437500e+01 3.236849014629114663e+03
2.718961715698242188e+00 9.838627624511718750e+01 2.437789916992187500e+00 9.888670349121093750e+01 3.046753793494289312e+03
2.718961715698242188e+00 9.838627624511718750e+01 2.331146717071533203e+00 9.905257415771484375e+01 2.390116239649228191e+03
2.718961715698242188e+00 9.838627624511718750e+01 2.431531667709350586e+00 9.916289520263671875e+01 2.699722431776684516e+03
2.718961715698242188e+00 9.838627624511718750e+01 2.542735099792480469e+00 9.909260559082031250e+01 2.710054458868943129e+03
2.718961715698242188e+00 9.838627624511718750e+01 2.620718240737915039e+00 9.898872375488281250e+01 2.679112071617737001e+03
2.718961715698242188e+00 9.838627624511718750e+01 2.695208311080932617e+00 9.892404937744140625e+01 2.549656969143378319e+03
2.718961715698242188e+00 9.838627624511718750e+01 2.816009998321533203e+00 9.881053924560546875e+01 2.839815148283579674e+03
2.718961715698242188e+00 9.838627624511718750e+01 2.962328195571899414e+00 9.885092163085937500e+01 2.899570291473462930e+03
2.718961715698242188e+00 9.838627624511718750e+01 1.785169959068298340e+00 9.911784362792968750e+01 2.810948376881551212e+03
2.718961715698242188e+00 9.838627624511718750e+01 2.962640047073364258e+00 9.885051727294921875e+01 2.870377851067282336e+03
2.626151800155639648e+00 9.848457336425781250e+01 2.265061616897583008e+00 9.884958648681640625e+01 3.170128893974923812e+03
2.626151800155639648e+00 9.848457336425781250e+01 2.228559970855712891e+00 9.893597412109375000e+01 3.067347531524460919e+03
2.626151800155639648e+00 9.848457336425781250e+01 2.104069948196411133e+00 9.895868682861328125e+01 3.041562036224056556e+03
2.626151800155639648e+00 9.848457336425781250e+01 1.950483322143554688e+00 9.894409942626953125e+01 3.059616273164777340e+03
2.626151800155639648e+00 9.848457336425781250e+01 1.864310026168823242e+00 9.890687561035156250e+01 3.276416387944448616e+03
2.626151800155639648e+00 9.848457336425781250e+01 2.160723209381103516e+00 9.862948608398437500e+01 3.164153862432850474e+03
2.626151800155639648e+00 9.848457336425781250e+01 2.153630018234252930e+00 9.847654724121093750e+01 3.103006201539229096e+03
2.626151800155639648e+00 9.848457336425781250e+01 2.437789916992187500e+00 9.888670349121093750e+01 2.886524597656439710e+03
2.626151800155639648e+00 9.848457336425781250e+01 2.331146717071533203e+00 9.905257415771484375e+01 3.052825569445647488e+03
2.626151800155639648e+00 9.848457336425781250e+01 2.431531667709350586e+00 9.916289520263671875e+01 2.634391274844548207e+03
2.626151800155639648e+00 9.848457336425781250e+01 2.542735099792480469e+00 9.909260559082031250e+01 2.580091957824947258e+03
2.626151800155639648e+00 9.848457336425781250e+01 2.620718240737915039e+00 9.898872375488281250e+01 2.560176122504043633e+03
2.626151800155639648e+00 9.848457336425781250e+01 3.112422943115234375e+00 9.856379699707031250e+01 2.838644011685619716e+03
2.626151800155639648e+00 9.848457336425781250e+01 2.815013408660888672e+00 9.917713165283203125e+01 2.858064298234587568e+03
2.626151800155639648e+00 9.848457336425781250e+01 2.962640047073364258e+00 9.885051727294921875e+01 2.967356503399849771e+03
2.518174886703491211e+00 9.863951110839843750e+01 2.104069948196411133e+00 9.895868682861328125e+01 2.984113626476357240e+03
2.518174886703491211e+00 9.863951110839843750e+01 1.950483322143554688e+00 9.894409942626953125e+01 2.389309486905776794e+03
2.518174886703491211e+00 9.863951110839843750e+01 2.331146717071533203e+00 9.905257415771484375e+01 3.060339692862274660e+03
2.518174886703491211e+00 9.863951110839843750e+01 2.431531667709350586e+00 9.916289520263671875e+01 2.532289016230743528e+03
2.518174886703491211e+00 9.863951110839843750e+01 2.620718240737915039e+00 9.898872375488281250e+01 2.487912811069639247e+03
2.518174886703491211e+00 9.863951110839843750e+01 2.903500080108642578e+00 9.869284820556640625e+01 2.578280816252707609e+03
2.518174886703491211e+00 9.863951110839843750e+01 3.112422943115234375e+00 9.856379699707031250e+01 2.807637825930264171e+03
2.518174886703491211e+00 9.863951110839843750e+01 2.962328195571899414e+00 9.885092163085937500e+01 2.648028351888094221e+03
2.518174886703491211e+00 9.863951110839843750e+01 2.815013408660888672e+00 9.917713165283203125e+01 2.685713605377587101e+03
2.518174886703491211e+00 9.863951110839843750e+01 2.562353372573852539e+00 9.933911132812500000e+01 3.135505428189831036e+03
2.518174886703491211e+00 9.863951110839843750e+01 1.785169959068298340e+00 9.911784362792968750e+01 2.825261466250206013e+03
2.518174886703491211e+00 9.863951110839843750e+01 2.962640047073364258e+00 9.885051727294921875e+01 2.652307914676525797e+03
2.278584957122802734e+00 9.874678802490234375e+01 2.642735004425048828e+00 9.842424011230468750e+01 2.689426320335489891e+03
2.278584957122802734e+00 9.874678802490234375e+01 2.716820001602172852e+00 9.869258880615234375e+01 2.681875275601469184e+03
2.278584957122802734e+00 9.874678802490234375e+01 2.431531667709350586e+00 9.916289520263671875e+01 2.856495493374227863e+03
2.278584957122802734e+00 9.874678802490234375e+01 2.542735099792480469e+00 9.909260559082031250e+01 2.644293131056046150e+03
2.278584957122802734e+00 9.874678802490234375e+01 2.620718240737915039e+00 9.898872375488281250e+01 2.468251164908569535e+03
2.278584957122802734e+00 9.874678802490234375e+01 2.903500080108642578e+00 9.869284820556640625e+01 2.720062805811204271e+03
2.278584957122802734e+00 9.874678802490234375e+01 2.934155702590942383e+00 9.860175323486328125e+01 2.823858585632916402e+03
2.278584957122802734e+00 9.874678802490234375e+01 2.880765914916992188e+00 9.850036621093750000e+01 3.181186739191860852e+03
2.278584957122802734e+00 9.874678802490234375e+01 2.962328195571899414e+00 9.885092163085937500e+01 2.222081074899881060e+03
2.278584957122802734e+00 9.874678802490234375e+01 2.815013408660888672e+00 9.917713165283203125e+01 2.740062446136537801e+03
2.278584957122802734e+00 9.874678802490234375e+01 2.562353372573852539e+00 9.933911132812500000e+01 2.640227141036028115e+03
2.278584957122802734e+00 9.874678802490234375e+01 1.785169959068298340e+00 9.911784362792968750e+01 2.892533951579426230e+03
2.265061616897583008e+00 9.884958648681640625e+01 2.284437894821166992e+00 9.836296081542968750e+01 3.158102407600119932e+03
2.265061616897583008e+00 9.884958648681640625e+01 2.642735004425048828e+00 9.842424011230468750e+01 3.138977065058157223e+03
2.265061616897583008e+00 9.884958648681640625e+01 2.716820001602172852e+00 9.869258880615234375e+01 2.780952930468297382e+03
2.265061616897583008e+00 9.884958648681640625e+01 2.620718240737915039e+00 9.898872375488281250e+01 2.521053087047551799e+03
2.265061616897583008e+00 9.884958648681640625e+01 2.816009998321533203e+00 9.881053924560546875e+01 2.529999591764973957e+03
2.265061616897583008e+00 9.884958648681640625e+01 2.880765914916992188e+00 9.850036621093750000e+01 2.909380496745849996e+03
2.265061616897583008e+00 9.884958648681640625e+01 3.112422943115234375e+00 9.856379699707031250e+01 3.226319623570297153e+03
2.265061616897583008e+00 9.884958648681640625e+01 2.962328195571899414e+00 9.885092163085937500e+01 2.652373033473104897e+03
2.265061616897583008e+00 9.884958648681640625e+01 2.815013408660888672e+00 9.917713165283203125e+01 2.826948582910155437e+03
2.265061616897583008e+00 9.884958648681640625e+01 2.562353372573852539e+00 9.933911132812500000e+01 2.512791621184937867e+03
2.265061616897583008e+00 9.884958648681640625e+01 2.962640047073364258e+00 9.885051727294921875e+01 2.649777008673147066e+03
2.228559970855712891e+00 9.893597412109375000e+01 2.153630018234252930e+00 9.847654724121093750e+01 3.153637495524473707e+03
2.228559970855712891e+00 9.893597412109375000e+01 2.284437894821166992e+00 9.836296081542968750e+01 3.059213094561596790e+03
2.228559970855712891e+00 9.893597412109375000e+01 2.642735004425048828e+00 9.842424011230468750e+01 3.155198427429332696e+03
2.228559970855712891e+00 9.893597412109375000e+01 2.321415424346923828e+00 9.849951934814453125e+01 3.020649023999191741e+03
2.228559970855712891e+00 9.893597412109375000e+01 2.716820001602172852e+00 9.869258880615234375e+01 2.345906474775989409e+03
2.228559970855712891e+00 9.893597412109375000e+01 2.677619934082031250e+00 9.883699798583984375e+01 2.501459634040121273e+03
2.228559970855712891e+00 9.893597412109375000e+01 2.695208311080932617e+00 9.892404937744140625e+01 2.753333848143733576e+03
2.228559970855712891e+00 9.893597412109375000e+01 2.903500080108642578e+00 9.869284820556640625e+01 2.600535927266867475e+03
2.228559970855712891e+00 9.893597412109375000e+01 2.934155702590942383e+00 9.860175323486328125e+01 2.534649716365276618e+03
2.228559970855712891e+00 9.893597412109375000e+01 2.880765914916992188e+00 9.850036621093750000e+01 2.374497072114798357e+03
2.228559970855712891e+00 9.893597412109375000e+01 3.112422943115234375e+00 9.856379699707031250e+01 2.686604612284903851e+03
2.228559970855712891e+00 9.893597412109375000e+01 2.962328195571899414e+00 9.885092163085937500e+01 2.853303237360693856e+03
2.228559970855712891e+00 9.893597412109375000e+01 2.815013408660888672e+00 9.917713165283203125e+01 2.916455512941779034e+03
2.228559970855712891e+00 9.893597412109375000e+01 2.962640047073364258e+00 9.885051727294921875e+01 2.543118152087696672e+03
2.104069948196411133e+00 9.895868682861328125e+01 2.284437894821166992e+00 9.836296081542968750e+01 3.079548094579470671e+03
2.104069948196411133e+00 9.895868682861328125e+01 2.642735004425048828e+00 9.842424011230468750e+01 3.079374780605937758e+03
2.104069948196411133e+00 9.895868682861328125e+01 2.321415424346923828e+00 9.849951934814453125e+01 3.076823742145662891e+03
2.104069948196411133e+00 9.895868682861328125e+01 2.677619934082031250e+00 9.883699798583984375e+01 2.556856843015685627e+03
2.104069948196411133e+00 9.895868682861328125e+01 2.542735099792480469e+00 9.909260559082031250e+01 2.921621839229648685e+03
2.104069948196411133e+00 9.895868682861328125e+01 2.620718240737915039e+00 9.898872375488281250e+01 2.816769721374604615e+03
2.104069948196411133e+00 9.895868682861328125e+01 2.695208311080932617e+00 9.892404937744140625e+01 2.712726395500074887e+03
2.104069948196411133e+00 9.895868682861328125e+01 2.816009998321533203e+00 9.881053924560546875e+01 2.778277255974485797e+03
2.104069948196411133e+00 9.895868682861328125e+01 2.903500080108642578e+00 9.869284820556640625e+01 2.653313214144486210e+03
2.104069948196411133e+00 9.895868682861328125e+01 2.934155702590942383e+00 9.860175323486328125e+01 2.643141903926905343e+03
2.104069948196411133e+00 9.895868682861328125e+01 2.880765914916992188e+00 9.850036621093750000e+01 2.404700272791571479e+03
2.104069948196411133e+00 9.895868682861328125e+01 3.112422943115234375e+00 9.856379699707031250e+01 1.982524294881830883e+03
2.104069948196411133e+00 9.895868682861328125e+01 2.962328195571899414e+00 9.885092163085937500e+01 2.982927037438676962e+03
2.104069948196411133e+00 9.895868682861328125e+01 2.562353372573852539e+00 9.933911132812500000e+01 2.839288302572009343e+03
2.104069948196411133e+00 9.895868682861328125e+01 2.962640047073364258e+00 9.885051727294921875e+01 2.923844920891686343e+03
1.950483322143554688e+00 9.894409942626953125e+01 2.284437894821166992e+00 9.836296081542968750e+01 3.114847288303044479e+03
1.950483322143554688e+00 9.894409942626953125e+01 2.642735004425048828e+00 9.842424011230468750e+01 2.549802521134303788e+03
1.950483322143554688e+00 9.894409942626953125e+01 2.321415424346923828e+00 9.849951934814453125e+01 3.154639052254307899e+03
1.950483322143554688e+00 9.894409942626953125e+01 2.437789916992187500e+00 9.888670349121093750e+01 2.900167634444675059e+03
1.950483322143554688e+00 9.894409942626953125e+01 2.716820001602172852e+00 9.869258880615234375e+01 2.387965815683989149e+03
1.950483322143554688e+00 9.894409942626953125e+01 2.677619934082031250e+00 9.883699798583984375e+01 2.620945138921546004e+03
1.950483322143554688e+00 9.894409942626953125e+01 2.431531667709350586e+00 9.916289520263671875e+01 2.795390288564225557e+03
1.950483322143554688e+00 9.894409942626953125e+01 2.542735099792480469e+00 9.909260559082031250e+01 2.872383025679281218e+03
1.950483322143554688e+00 9.894409942626953125e+01 2.620718240737915039e+00 9.898872375488281250e+01 2.777080349812169516e+03
1.950483322143554688e+00 9.894409942626953125e+01 2.695208311080932617e+00 9.892404937744140625e+01 2.717848462835887403e+03
1.950483322143554688e+00 9.894409942626953125e+01 2.816009998321533203e+00 9.881053924560546875e+01 2.726365798943540540e+03
1.950483322143554688e+00 9.894409942626953125e+01 2.903500080108642578e+00 9.869284820556640625e+01 2.685520264566060177e+03
1.950483322143554688e+00 9.894409942626953125e+01 2.934155702590942383e+00 9.860175323486328125e+01 2.428165301384928625e+03
1.950483322143554688e+00 9.894409942626953125e+01 2.880765914916992188e+00 9.850036621093750000e+01 2.415309759101755844e+03
1.950483322143554688e+00 9.894409942626953125e+01 3.112422943115234375e+00 9.856379699707031250e+01 2.704013931514413798e+03
1.950483322143554688e+00 9.894409942626953125e+01 2.962328195571899414e+00 9.885092163085937500e+01 2.471698570396916693e+03
1.950483322143554688e+00 9.894409942626953125e+01 2.815013408660888672e+00 9.917713165283203125e+01 2.926184719267611399e+03
1.950483322143554688e+00 9.894409942626953125e+01 2.562353372573852539e+00 9.933911132812500000e+01 3.130481248570804837e+03
1.950483322143554688e+00 9.894409942626953125e+01 2.962640047073364258e+00 9.885051727294921875e+01 2.803746062745945892e+03
1.864310026168823242e+00 9.890687561035156250e+01 2.284437894821166992e+00 9.836296081542968750e+01 3.272666662462448585e+03
1.864310026168823242e+00 9.890687561035156250e+01 2.321415424346923828e+00 9.849951934814453125e+01 3.286996948998867992e+03
1.864310026168823242e+00 9.890687561035156250e+01 2.437789916992187500e+00 9.888670349121093750e+01 2.861639672526977392e+03
1.864310026168823242e+00 9.890687561035156250e+01 2.570430040359497070e+00 9.871682739257812500e+01 3.069037408780981423e+03
1.864310026168823242e+00 9.890687561035156250e+01 2.677619934082031250e+00 9.883699798583984375e+01 2.695352845214790250e+03
1.864310026168823242e+00 9.890687561035156250e+01 2.431531667709350586e+00 9.916289520263671875e+01 2.773860741182809761e+03
1.864310026168823242e+00 9.890687561035156250e+01 2.542735099792480469e+00 9.909260559082031250e+01 2.828695608631796858e+03
1.864310026168823242e+00 9.890687561035156250e+01 2.695208311080932617e+00 9.892404937744140625e+01 2.634244416562697097e+03
1.864310026168823242e+00 9.890687561035156250e+01 2.816009998321533203e+00 9.881053924560546875e+01 2.771337595978248373e+03
1.864310026168823242e+00 9.890687561035156250e+01 2.903500080108642578e+00 9.869284820556640625e+01 2.739018594134276555e+03
1.864310026168823242e+00 9.890687561035156250e+01 2.962328195571899414e+00 9.885092163085937500e+01 2.806139349929479067e+03
1.864310026168823242e+00 9.890687561035156250e+01 2.815013408660888672e+00 9.917713165283203125e+01 2.413086371970130131e+03
1.864310026168823242e+00 9.890687561035156250e+01 2.962640047073364258e+00 9.885051727294921875e+01 2.799460865182871203e+03
2.160723209381103516e+00 9.862948608398437500e+01 2.642735004425048828e+00 9.842424011230468750e+01 3.239712562066846658e+03
2.160723209381103516e+00 9.862948608398437500e+01 2.570430040359497070e+00 9.871682739257812500e+01 2.859057312031478887e+03
2.160723209381103516e+00 9.862948608398437500e+01 2.716820001602172852e+00 9.869258880615234375e+01 2.828294557526892731e+03
2.160723209381103516e+00 9.862948608398437500e+01 2.331146717071533203e+00 9.905257415771484375e+01 3.034553273758508112e+03
2.160723209381103516e+00 9.862948608398437500e+01 2.431531667709350586e+00 9.916289520263671875e+01 3.081504818029749913e+03
2.160723209381103516e+00 9.862948608398437500e+01 2.542735099792480469e+00 9.909260559082031250e+01 2.825308698627776266e+03
2.160723209381103516e+00 9.862948608398437500e+01 2.620718240737915039e+00 9.898872375488281250e+01 2.683688029460253347e+03
2.160723209381103516e+00 9.862948608398437500e+01 2.695208311080932617e+00 9.892404937744140625e+01 2.539770959455421689e+03
2.160723209381103516e+00 9.862948608398437500e+01 2.816009998321533203e+00 9.881053924560546875e+01 2.637892699525555599e+03
2.160723209381103516e+00 9.862948608398437500e+01 2.903500080108642578e+00 9.869284820556640625e+01 2.881613244004227454e+03
2.160723209381103516e+00 9.862948608398437500e+01 2.934155702590942383e+00 9.860175323486328125e+01 2.881561267978465821e+03
2.160723209381103516e+00 9.862948608398437500e+01 3.112422943115234375e+00 9.856379699707031250e+01 2.986665967329048726e+03
2.160723209381103516e+00 9.862948608398437500e+01 2.962328195571899414e+00 9.885092163085937500e+01 2.746520052364790445e+03
2.160723209381103516e+00 9.862948608398437500e+01 2.815013408660888672e+00 9.917713165283203125e+01 2.824268138183381780e+03
2.160723209381103516e+00 9.862948608398437500e+01 2.962640047073364258e+00 9.885051727294921875e+01 2.756480291764306003e+03
2.153630018234252930e+00 9.847654724121093750e+01 2.642735004425048828e+00 9.842424011230468750e+01 3.164755686407677786e+03
2.153630018234252930e+00 9.847654724121093750e+01 2.437789916992187500e+00 9.888670349121093750e+01 2.816222240712517305e+03
2.153630018234252930e+00 9.847654724121093750e+01 2.570430040359497070e+00 9.871682739257812500e+01 3.012602298227969186e+03
2.153630018234252930e+00 9.847654724121093750e+01 2.677619934082031250e+00 9.883699798583984375e+01 2.695881870176945085e+03
2.153630018234252930e+00 9.847654724121093750e+01 2.331146717071533203e+00 9.905257415771484375e+01 3.114885675564687517e+03
2.153630018234252930e+00 9.847654724121093750e+01 2.431531667709350586e+00 9.916289520263671875e+01 3.047439779462121805e+03
2.153630018234252930e+00 9.847654724121093750e+01 2.542735099792480469e+00 9.909260559082031250e+01 2.864633419283568855e+03
2.153630018234252930e+00 9.847654724121093750e+01 2.620718240737915039e+00 9.898872375488281250e+01 2.711708261775580013e+03
2.153630018234252930e+00 9.847654724121093750e+01 2.695208311080932617e+00 9.892404937744140625e+01 2.597784308814348606e+03
2.153630018234252930e+00 9.847654724121093750e+01 2.816009998321533203e+00 9.881053924560546875e+01 2.795714429212832329e+03
2.153630018234252930e+00 9.847654724121093750e+01 2.903500080108642578e+00 9.869284820556640625e+01 2.909608566523513218e+03
2.153630018234252930e+00 9.847654724121093750e+01 2.934155702590942383e+00 9.860175323486328125e+01 2.972970382761343899e+03
2.153630018234252930e+00 9.847654724121093750e+01 2.880765914916992188e+00 9.850036621093750000e+01 3.031115998673342347e+03
2.153630018234252930e+00 9.847654724121093750e+01 2.962328195571899414e+00 9.885092163085937500e+01 2.854225498952260295e+03
2.153630018234252930e+00 9.847654724121093750e+01 2.815013408660888672e+00 9.917713165283203125e+01 2.831523484459454721e+03
2.153630018234252930e+00 9.847654724121093750e+01 2.962640047073364258e+00 9.885051727294921875e+01 2.874290677266891180e+03
2.284437894821166992e+00 9.836296081542968750e+01 2.570430040359497070e+00 9.871682739257812500e+01 3.016110187315251551e+03
2.284437894821166992e+00 9.836296081542968750e+01 2.716820001602172852e+00 9.869258880615234375e+01 2.905033464684589944e+03
2.284437894821166992e+00 9.836296081542968750e+01 2.677619934082031250e+00 9.883699798583984375e+01 2.758287957824858040e+03
2.284437894821166992e+00 9.836296081542968750e+01 2.620718240737915039e+00 9.898872375488281250e+01 2.705780212609420232e+03
2.284437894821166992e+00 9.836296081542968750e+01 2.695208311080932617e+00 9.892404937744140625e+01 2.591496530912051639e+03
2.284437894821166992e+00 9.836296081542968750e+01 2.816009998321533203e+00 9.881053924560546875e+01 2.896854532490325710e+03
2.284437894821166992e+00 9.836296081542968750e+01 2.880765914916992188e+00 9.850036621093750000e+01 3.030497633155554013e+03
2.284437894821166992e+00 9.836296081542968750e+01 3.112422943115234375e+00 9.856379699707031250e+01 3.002613960109053551e+03
2.284437894821166992e+00 9.836296081542968750e+01 2.962328195571899414e+00 9.885092163085937500e+01 2.930248762524589438e+03
2.284437894821166992e+00 9.836296081542968750e+01 2.815013408660888672e+00 9.917713165283203125e+01 2.763411442493377308e+03
2.284437894821166992e+00 9.836296081542968750e+01 2.962640047073364258e+00 9.885051727294921875e+01 2.918762039702998663e+03
2.642735004425048828e+00 9.842424011230468750e+01 2.437789916992187500e+00 9.888670349121093750e+01 2.909538741432449115e+03
2.642735004425048828e+00 9.842424011230468750e+01 2.677619934082031250e+00 9.883699798583984375e+01 2.645414242130382718e+03
2.642735004425048828e+00 9.842424011230468750e+01 2.331146717071533203e+00 9.905257415771484375e+01 3.077502475465543284e+03
2.642735004425048828e+00 9.842424011230468750e+01 2.431531667709350586e+00 9.916289520263671875e+01 2.635241634661912940e+03
2.642735004425048828e+00 9.842424011230468750e+01 2.542735099792480469e+00 9.909260559082031250e+01 2.643586931284997718e+03
2.642735004425048828e+00 9.842424011230468750e+01 2.620718240737915039e+00 9.898872375488281250e+01 2.582386621829157320e+03
2.642735004425048828e+00 9.842424011230468750e+01 2.816009998321533203e+00 9.881053924560546875e+01 2.844853522505381989e+03
2.642735004425048828e+00 9.842424011230468750e+01 3.112422943115234375e+00 9.856379699707031250e+01 2.909655044705357341e+03
2.642735004425048828e+00 9.842424011230468750e+01 2.815013408660888672e+00 9.917713165283203125e+01 2.917290943052683815e+03
2.642735004425048828e+00 9.842424011230468750e+01 1.785169959068298340e+00 9.911784362792968750e+01 2.824054118936889154e+03
2.321415424346923828e+00 9.849951934814453125e+01 2.716820001602172852e+00 9.869258880615234375e+01 2.893574849970362266e+03
2.321415424346923828e+00 9.849951934814453125e+01 2.331146717071533203e+00 9.905257415771484375e+01 3.074464529149565806e+03
2.321415424346923828e+00 9.849951934814453125e+01 2.431531667709350586e+00 9.916289520263671875e+01 2.945287139864905839e+03
2.321415424346923828e+00 9.849951934814453125e+01 2.542735099792480469e+00 9.909260559082031250e+01 2.698890128218892187e+03
2.321415424346923828e+00 9.849951934814453125e+01 2.620718240737915039e+00 9.898872375488281250e+01 2.622857420675170033e+03
2.321415424346923828e+00 9.849951934814453125e+01 2.695208311080932617e+00 9.892404937744140625e+01 2.553731358734698460e+03
2.321415424346923828e+00 9.849951934814453125e+01 2.816009998321533203e+00 9.881053924560546875e+01 2.755388927618725575e+03
2.321415424346923828e+00 9.849951934814453125e+01 2.903500080108642578e+00 9.869284820556640625e+01 2.824900791922556891e+03
2.321415424346923828e+00 9.849951934814453125e+01 2.934155702590942383e+00 9.860175323486328125e+01 2.912537935086198559e+03
2.321415424346923828e+00 9.849951934814453125e+01 2.880765914916992188e+00 9.850036621093750000e+01 3.019945259604706735e+03
2.321415424346923828e+00 9.849951934814453125e+01 3.112422943115234375e+00 9.856379699707031250e+01 2.975352685688530528e+03
2.321415424346923828e+00 9.849951934814453125e+01 2.815013408660888672e+00 9.917713165283203125e+01 2.724493280697074169e+03
2.321415424346923828e+00 9.849951934814453125e+01 1.785169959068298340e+00 9.911784362792968750e+01 2.719259906187570778e+03
2.437789916992187500e+00 9.888670349121093750e+01 2.816009998321533203e+00 9.881053924560546875e+01 2.572409536511057922e+03
2.437789916992187500e+00 9.888670349121093750e+01 2.934155702590942383e+00 9.860175323486328125e+01 2.383086543514124060e+03
2.437789916992187500e+00 9.888670349121093750e+01 2.880765914916992188e+00 9.850036621093750000e+01 2.290573567169785292e+03
2.437789916992187500e+00 9.888670349121093750e+01 2.962328195571899414e+00 9.885092163085937500e+01 2.740589772297094896e+03
2.437789916992187500e+00 9.888670349121093750e+01 2.815013408660888672e+00 9.917713165283203125e+01 2.803327776766918760e+03
2.437789916992187500e+00 9.888670349121093750e+01 1.785169959068298340e+00 9.911784362792968750e+01 2.663321084134310240e+03
2.437789916992187500e+00 9.888670349121093750e+01 2.962640047073364258e+00 9.885051727294921875e+01 2.839302111692533344e+03
2.570430040359497070e+00 9.871682739257812500e+01 2.431531667709350586e+00 9.916289520263671875e+01 2.463715820310867457e+03
2.570430040359497070e+00 9.871682739257812500e+01 2.542735099792480469e+00 9.909260559082031250e+01 2.424710858829558674e+03
2.570430040359497070e+00 9.871682739257812500e+01 2.934155702590942383e+00 9.860175323486328125e+01 2.629605505674380765e+03
2.570430040359497070e+00 9.871682739257812500e+01 3.112422943115234375e+00 9.856379699707031250e+01 2.805410398322030233e+03
2.570430040359497070e+00 9.871682739257812500e+01 2.815013408660888672e+00 9.917713165283203125e+01 2.762541146459064748e+03
2.570430040359497070e+00 9.871682739257812500e+01 2.562353372573852539e+00 9.933911132812500000e+01 2.486507813569332029e+03
2.716820001602172852e+00 9.869258880615234375e+01 2.331146717071533203e+00 9.905257415771484375e+01 2.443299241877788972e+03
2.716820001602172852e+00 9.869258880615234375e+01 2.431531667709350586e+00 9.916289520263671875e+01 2.764664556209071179e+03
2.716820001602172852e+00 9.869258880615234375e+01 2.542735099792480469e+00 9.909260559082031250e+01 2.784188055612403787e+03
2.716820001602172852e+00 9.869258880615234375e+01 2.815013408660888672e+00 9.917713165283203125e+01 2.829350915467980940e+03
2.716820001602172852e+00 9.869258880615234375e+01 2.562353372573852539e+00 9.933911132812500000e+01 2.648561837928778914e+03
2.716820001602172852e+00 9.869258880615234375e+01 1.785169959068298340e+00 9.911784362792968750e+01 2.538258641570590498e+03
2.677619934082031250e+00 9.883699798583984375e+01 2.331146717071533203e+00 9.905257415771484375e+01 2.576407065889196929e+03
2.677619934082031250e+00 9.883699798583984375e+01 2.880765914916992188e+00 9.850036621093750000e+01 2.673061797539062354e+03
2.677619934082031250e+00 9.883699798583984375e+01 2.562353372573852539e+00 9.933911132812500000e+01 2.925445107479872149e+03
2.331146717071533203e+00 9.905257415771484375e+01 2.816009998321533203e+00 9.881053924560546875e+01 3.003942265591495925e+03
2.331146717071533203e+00 9.905257415771484375e+01 2.903500080108642578e+00 9.869284820556640625e+01 2.829807343584315277e+03
2.331146717071533203e+00 9.905257415771484375e+01 2.934155702590942383e+00 9.860175323486328125e+01 2.800717630522788113e+03
2.331146717071533203e+00 9.905257415771484375e+01 2.880765914916992188e+00 9.850036621093750000e+01 2.426343951986306820e+03
2.331146717071533203e+00 9.905257415771484375e+01 3.112422943115234375e+00 9.856379699707031250e+01 2.238168792056601887e+03
2.331146717071533203e+00 9.905257415771484375e+01 2.962328195571899414e+00 9.885092163085937500e+01 2.984623837367324086e+03
2.331146717071533203e+00 9.905257415771484375e+01 2.815013408660888672e+00 9.917713165283203125e+01 2.992896697798167224e+03
2.331146717071533203e+00 9.905257415771484375e+01 2.962640047073364258e+00 9.885051727294921875e+01 3.024296081464793133e+03
2.431531667709350586e+00 9.916289520263671875e+01 2.816009998321533203e+00 9.881053924560546875e+01 2.963167621936282558e+03
2.431531667709350586e+00 9.916289520263671875e+01 2.903500080108642578e+00 9.869284820556640625e+01 2.867206267014939840e+03
2.431531667709350586e+00 9.916289520263671875e+01 2.880765914916992188e+00 9.850036621093750000e+01 2.797824736527793448e+03
2.431531667709350586e+00 9.916289520263671875e+01 2.962328195571899414e+00 9.885092163085937500e+01 3.083877080704849050e+03
2.542735099792480469e+00 9.909260559082031250e+01 2.903500080108642578e+00 9.869284820556640625e+01 2.986529306640833966e+03
2.542735099792480469e+00 9.909260559082031250e+01 2.934155702590942383e+00 9.860175323486328125e+01 2.955670645155111288e+03
2.542735099792480469e+00 9.909260559082031250e+01 2.880765914916992188e+00 9.850036621093750000e+01 2.802652134387525166e+03
2.542735099792480469e+00 9.909260559082031250e+01 2.962328195571899414e+00 9.885092163085937500e+01 3.097707918450072157e+03
2.542735099792480469e+00 9.909260559082031250e+01 1.785169959068298340e+00 9.911784362792968750e+01 2.865023147829861955e+03
2.542735099792480469e+00 9.909260559082031250e+01 2.962640047073364258e+00 9.885051727294921875e+01 3.121171183528230358e+03
2.620718240737915039e+00 9.898872375488281250e+01 2.880765914916992188e+00 9.850036621093750000e+01 2.727862723960045514e+03
2.620718240737915039e+00 9.898872375488281250e+01 1.785169959068298340e+00 9.911784362792968750e+01 2.865409395616446091e+03
2.695208311080932617e+00 9.892404937744140625e+01 2.880765914916992188e+00 9.850036621093750000e+01 2.711601375038934748e+03
2.695208311080932617e+00 9.892404937744140625e+01 3.112422943115234375e+00 9.856379699707031250e+01 3.115409862770437940e+03
2.816009998321533203e+00 9.881053924560546875e+01 2.562353372573852539e+00 9.933911132812500000e+01 2.627395117069703247e+03
2.816009998321533203e+00 9.881053924560546875e+01 1.785169959068298340e+00 9.911784362792968750e+01 2.145295945597356877e+03
2.903500080108642578e+00 9.869284820556640625e+01 2.815013408660888672e+00 9.917713165283203125e+01 2.905304145907476141e+03
2.903500080108642578e+00 9.869284820556640625e+01 2.562353372573852539e+00 9.933911132812500000e+01 2.968489575325632359e+03
2.903500080108642578e+00 9.869284820556640625e+01 1.785169959068298340e+00 9.911784362792968750e+01 2.626381292409970229e+03
2.934155702590942383e+00 9.860175323486328125e+01 2.815013408660888672e+00 9.917713165283203125e+01 2.887437300696884449e+03
2.880765914916992188e+00 9.850036621093750000e+01 2.815013408660888672e+00 9.917713165283203125e+01 2.877456467399922531e+03
2.880765914916992188e+00 9.850036621093750000e+01 1.785169959068298340e+00 9.911784362792968750e+01 2.235892220836361957e+03
3.112422943115234375e+00 9.856379699707031250e+01 2.815013408660888672e+00 9.917713165283203125e+01 3.012915724857420628e+03
3.112422943115234375e+00 9.856379699707031250e+01 2.562353372573852539e+00 9.933911132812500000e+01 2.543132370851501037e+03
2.962328195571899414e+00 9.885092163085937500e+01 2.562353372573852539e+00 9.933911132812500000e+01 3.050199894282562127e+03
2.562353372573852539e+00 9.933911132812500000e+01 2.962640047073364258e+00 9.885051727294921875e+01 2.249491442013841151e+03
