1.553038358688354492e+00 9.889738464355468750e+01 2.113666772842407227e+00 9.831295776367187500e+01 3.383964005423379604e+03
1.553038358688354492e+00 9.889738464355468750e+01 2.197953462600708008e+00 9.821308898925781250e+01 3.363105304274356513e+03
1.553038358688354492e+00 9.889738464355468750e+01 2.664046764373779297e+00 9.819102478027343750e+01 3.334423026437523276e+03
1.553038358688354492e+00 9.889738464355468750e+01 2.656156778335571289e+00 9.826209259033203125e+01 3.315808331680869742e+03
1.553038358688354492e+00 9.889738464355468750e+01 2.718961715698242188e+00 9.838627624511718750e+01 3.231941091506158045e+03
1.553038358688354492e+00 9.889738464355468750e+01 2.278584957122802734e+00 9.874678802490234375e+01 3.373191854453052656e+03
1.553038358688354492e+00 9.889738464355468750e+01 2.642735004425048828e+00 9.842424011230468750e+01 3.343808293897943258e+03
1.553038358688354492e+00 9.889738464355468750e+01 2.321415424346923828e+00 9.849951934814453125e+01 3.294882905599221885e+03
1.553038358688354492e+00 9.889738464355468750e+01 2.570430040359497070e+00 9.871682739257812500e+01 3.286881436893317186e+03
1.553038358688354492e+00 9.889738464355468750e+01 2.331146717071533203e+00 9.905257415771484375e+01 2.926387632111480343e+03
1.553038358688354492e+00 9.889738464355468750e+01 2.431531667709350586e+00 9.916289520263671875e+01 2.981914810700235648e+03
1.553038358688354492e+00 9.889738464355468750e+01 2.542735099792480469e+00 9.909260559082031250e+01 2.947433489523563367e+03
1.553038358688354492e+00 9.889738464355468750e+01 2.620718240737915039e+00 9.898872375488281250e+01 2.909785560598158554e+03
1.553038358688354492e+00 9.889738464355468750e+01 2.695208311080932617e+00 9.892404937744140625e+01 2.863649762226905295e+03
1.553038358688354492e+00 9.889738464355468750e+01 2.816009998321533203e+00 9.881053924560546875e+01 2.710472849211286757e+03
1.553038358688354492e+00 9.889738464355468750e+01 2.903500080108642578e+00 9.869284820556640625e+01 2.157288621185849024e+03
1.553038358688354492e+00 9.889738464355468750e+01 2.934155702590942383e+00 9.860175323486328125e+01 3.259594604838306623e+03
1.553038358688354492e+00 9.889738464355468750e+01 2.880765914916992188e+00 9.850036621093750000e+01 3.105515051378287808e+03
1.553038358688354492e+00 9.889738464355468750e+01 3.112422943115234375e+00 9.856379699707031250e+01 2.751147109085850389e+03
1.553038358688354492e+00 9.889738464355468750e+01 2.962328195571899414e+00 9.885092163085937500e+01 2.956930509990620067e+03
1.553038358688354492e+00 9.889738464355468750e+01 2.815013408660888672e+00 9.917713165283203125e+01 3.012948020310451739e+03
1.553038358688354492e+00 9.889738464355468750e+01 2.962640047073364258e+00 9.885051727294921875e+01 2.930170995791957921e+03
1.784703254699707031e+00 9.874190521240234375e+01 2.664046764373779297e+00 9.819102478027343750e+01 3.325534892715909336e+03
1.784703254699707031e+00 9.874190521240234375e+01 2.656156778335571289e+00 9.826209259033203125e+01 3.267959782265919785e+03
1.784703254699707031e+00 9.874190521240234375e+01 2.626151800155639648e+00 9.848457336425781250e+01 3.402785868710665909e+03
1.784703254699707031e+00 9.874190521240234375e+01 2.518174886703491211e+00 9.863951110839843750e+01 3.263863048400472053e+03
1.784703254699707031e+00 9.874190521240234375e+01 2.642735004425048828e+00 9.842424011230468750e+01 3.506622253730907687e+03
1.784703254699707031e+00 9.874190521240234375e+01 2.437789916992187500e+00 9.888670349121093750e+01 2.885692973970942148e+03
1.784703254699707031e+00 9.874190521240234375e+01 2.570430040359497070e+00 9.871682739257812500e+01 3.099980565874607692e+03
1.784703254699707031e+00 9.874190521240234375e+01 2.716820001602172852e+00 9.869258880615234375e+01 3.194355882692902014e+03
1.784703254699707031e+00 9.874190521240234375e+01 2.677619934082031250e+00 9.883699798583984375e+01 2.809963662147020386e+03
1.784703254699707031e+00 9.874190521240234375e+01 2.431531667709350586e+00 9.916289520263671875e+01 2.975526051039338654e+03
1.784703254699707031e+00 9.874190521240234375e+01 2.542735099792480469e+00 9.909260559082031250e+01 3.033132750089616366e+03
1.784703254699707031e+00 9.874190521240234375e+01 2.620718240737915039e+00 9.898872375488281250e+01 3.034923959259861022e+03
1.784703254699707031e+00 9.874190521240234375e+01 2.695208311080932617e+00 9.892404937744140625e+01 2.799065062082480836e+03
1.784703254699707031e+00 9.874190521240234375e+01 2.816009998321533203e+00 9.881053924560546875e+01 2.866262309960433868e+03
1.784703254699707031e+00 9.874190521240234375e+01 2.903500080108642578e+00 9.869284820556640625e+01 2.861227949893557707e+03
1.784703254699707031e+00 9.874190521240234375e+01 2.934155702590942383e+00 9.860175323486328125e+01 3.274925002192238480e+03
1.784703254699707031e+00 9.874190521240234375e+01 2.880765914916992188e+00 9.850036621093750000e+01 3.231774516195604065e+03
1.784703254699707031e+00 9.874190521240234375e+01 3.112422943115234375e+00 9.856379699707031250e+01 3.323674047316275391e+03
1.784703254699707031e+00 9.874190521240234375e+01 2.962328195571899414e+00 9.885092163085937500e+01 2.907047213873303463e+03
1.784703254699707031e+00 9.874190521240234375e+01 2.962640047073364258e+00 9.885051727294921875e+01 2.911683118125361489e+03
1.906895041465759277e+00 9.861446380615234375e+01 2.632918357849121094e+00 9.810843658447265625e+01 2.457840952762673624e+03
1.906895041465759277e+00 9.861446380615234375e+01 2.664046764373779297e+00 9.819102478027343750e+01 3.451471875708171410e+03
1.906895041465759277e+00 9.861446380615234375e+01 2.656156778335571289e+00 9.826209259033203125e+01 3.400469908519400633e+03
1.906895041465759277e+00 9.861446380615234375e+01 2.718961715698242188e+00 9.838627624511718750e+01 3.373070370908467794e+03
1.906895041465759277e+00 9.861446380615234375e+01 2.626151800155639648e+00 9.848457336425781250e+01 3.302063975437335102e+03
1.906895041465759277e+00 9.861446380615234375e+01 2.642735004425048828e+00 9.842424011230468750e+01 3.449793130740561537e+03
1.906895041465759277e+00 9.861446380615234375e+01 2.716820001602172852e+00 9.869258880615234375e+01 2.950793766897167188e+03
1.906895041465759277e+00 9.861446380615234375e+01 2.677619934082031250e+00 9.883699798583984375e+01 2.769653118032659677e+03
1.906895041465759277e+00 9.861446380615234375e+01 2.431531667709350586e+00 9.916289520263671875e+01 3.138683531991529435e+03
1.906895041465759277e+00 9.861446380615234375e+01 2.620718240737915039e+00 9.898872375488281250e+01 2.827603172287814232e+03
1.906895041465759277e+00 9.861446380615234375e+01 2.695208311080932617e+00 9.892404937744140625e+01 2.816064633714846423e+03
1.906895041465759277e+00 9.861446380615234375e+01 2.816009998321533203e+00 9.881053924560546875e+01 2.786192710792134221e+03
1.906895041465759277e+00 9.861446380615234375e+01 2.903500080108642578e+00 9.869284820556640625e+01 3.030475192326101933e+03
1.906895041465759277e+00 9.861446380615234375e+01 2.934155702590942383e+00 9.860175323486328125e+01 3.136361519296116057e+03
1.906895041465759277e+00 9.861446380615234375e+01 2.880765914916992188e+00 9.850036621093750000e+01 3.249148349932554993e+03
1.906895041465759277e+00 9.861446380615234375e+01 3.112422943115234375e+00 9.856379699707031250e+01 3.171942056869696444e+03
1.906895041465759277e+00 9.861446380615234375e+01 2.962328195571899414e+00 9.885092163085937500e+01 2.877587659095189338e+03
1.906895041465759277e+00 9.861446380615234375e+01 2.815013408660888672e+00 9.917713165283203125e+01 3.017873553172358697e+03
1.906895041465759277e+00 9.861446380615234375e+01 2.562353372573852539e+00 9.933911132812500000e+01 3.288201436881482550e+03
2.025619983673095703e+00 9.839916229248046875e+01 2.632918357849121094e+00 9.810843658447265625e+01 2.536990545389292947e+03
2.025619983673095703e+00 9.839916229248046875e+01 2.718961715698242188e+00 9.838627624511718750e+01 3.052283055992477784e+03
2.025619983673095703e+00 9.839916229248046875e+01 2.716820001602172852e+00 9.869258880615234375e+01 2.947268511704542107e+03
2.025619983673095703e+00 9.839916229248046875e+01 2.331146717071533203e+00 9.905257415771484375e+01 3.309570473647362178e+03
2.025619983673095703e+00 9.839916229248046875e+01 2.431531667709350586e+00 9.916289520263671875e+01 3.226525135675623005e+03
2.025619983673095703e+00 9.839916229248046875e+01 2.542735099792480469e+00 9.909260559082031250e+01 3.101754702473677753e+03
2.025619983673095703e+00 9.839916229248046875e+01 2.695208311080932617e+00 9.892404937744140625e+01 2.741305783320624414e+03
2.025619983673095703e+00 9.839916229248046875e+01 2.816009998321533203e+00 9.881053924560546875e+01 2.922752869120119612e+03
2.025619983673095703e+00 9.839916229248046875e+01 2.903500080108642578e+00 9.869284820556640625e+01 3.036282738247181442e+03
2.025619983673095703e+00 9.839916229248046875e+01 2.934155702590942383e+00 9.860175323486328125e+01 3.051319441724174794e+03
2.025619983673095703e+00 9.839916229248046875e+01 3.112422943115234375e+00 9.856379699707031250e+01 3.059799389514597806e+03
2.025619983673095703e+00 9.839916229248046875e+01 2.962328195571899414e+00 9.885092163085937500e+01 3.023465215873589841e+03
2.025619983673095703e+00 9.839916229248046875e+01 2.815013408660888672e+00 9.917713165283203125e+01 2.971279242701777093e+03
2.025619983673095703e+00 9.839916229248046875e+01 2.962640047073364258e+00 9.885051727294921875e+01 3.063844072006743772e+03
2.113666772842407227e+00 9.831295776367187500e+01 2.437789916992187500e+00 9.888670349121093750e+01 3.005310315010291561e+03
2.113666772842407227e+00 9.831295776367187500e+01 2.716820001602172852e+00 9.869258880615234375e+01 2.967499638537113242e+03
2.113666772842407227e+00 9.831295776367187500e+01 2.677619934082031250e+00 9.883699798583984375e+01 2.959333670030190660e+03
2.113666772842407227e+00 9.831295776367187500e+01 2.331146717071533203e+00 9.905257415771484375e+01 3.235478075517901289e+03
2.113666772842407227e+00 9.831295776367187500e+01 2.431531667709350586e+00 9.916289520263671875e+01 3.159061477514766466e+03
2.113666772842407227e+00 9.831295776367187500e+01 2.542735099792480469e+00 9.909260559082031250e+01 3.009099431694446594e+03
2.113666772842407227e+00 9.831295776367187500e+01 2.620718240737915039e+00 9.898872375488281250e+01 2.936202691163419786e+03
2.113666772842407227e+00 9.831295776367187500e+01 2.695208311080932617e+00 9.892404937744140625e+01 2.744275191985072524e+03
2.113666772842407227e+00 9.831295776367187500e+01 2.816009998321533203e+00 9.881053924560546875e+01 2.943987184200383581e+03
2.113666772842407227e+00 9.831295776367187500e+01 2.934155702590942383e+00 9.860175323486328125e+01 3.078312165988051675e+03
2.113666772842407227e+00 9.831295776367187500e+01 2.880765914916992188e+00 9.850036621093750000e+01 3.147070530641688947e+03
2.113666772842407227e+00 9.831295776367187500e+01 3.112422943115234375e+00 9.856379699707031250e+01 3.071669542445250954e+03
2.113666772842407227e+00 9.831295776367187500e+01 2.962328195571899414e+00 9.885092163085937500e+01 2.991825632453502294e+03
2.113666772842407227e+00 9.831295776367187500e+01 2.815013408660888672e+00 9.917713165283203125e+01 3.027178126934375996e+03
2.113666772842407227e+00 9.831295776367187500e+01 2.562353372573852539e+00 9.933911132812500000e+01 2.670604181641548621e+03
2.113666772842407227e+00 9.831295776367187500e+01 1.785169959068298340e+00 9.911784362792968750e+01 3.060063590703781756e+03
2.197953462600708008e+00 9.821308898925781250e+01 2.228559970855712891e+00 9.893597412109375000e+01 3.086498054517137007e+03
2.197953462600708008e+00 9.821308898925781250e+01 2.104069948196411133e+00 9.895868682861328125e+01 3.216027616496984592e+03
2.197953462600708008e+00 9.821308898925781250e+01 1.950483322143554688e+00 9.894409942626953125e+01 3.148365164750319309e+03
2.197953462600708008e+00 9.821308898925781250e+01 1.864310026168823242e+00 9.890687561035156250e+01 3.262707378521053670e+03
2.197953462600708008e+00 9.821308898925781250e+01 2.716820001602172852e+00 9.869258880615234375e+01 3.217074973242776196e+03
2.197953462600708008e+00 9.821308898925781250e+01 2.677619934082031250e+00 9.883699798583984375e+01 3.051766863546883542e+03
2.197953462600708008e+00 9.821308898925781250e+01 2.331146717071533203e+00 9.905257415771484375e+01 3.150794000508679346e+03
2.197953462600708008e+00 9.821308898925781250e+01 2.431531667709350586e+00 9.916289520263671875e+01 3.044017257882960621e+03
2.197953462600708008e+00 9.821308898925781250e+01 2.542735099792480469e+00 9.909260559082031250e+01 2.886807334871282819e+03
2.197953462600708008e+00 9.821308898925781250e+01 2.695208311080932617e+00 9.892404937744140625e+01 2.826187255444478978e+03
2.197953462600708008e+00 9.821308898925781250e+01 2.816009998321533203e+00 9.881053924560546875e+01 3.211071066054380935e+03
2.197953462600708008e+00 9.821308898925781250e+01 2.903500080108642578e+00 9.869284820556640625e+01 2.968410410305314144e+03
2.197953462600708008e+00 9.821308898925781250e+01 2.934155702590942383e+00 9.860175323486328125e+01 3.025945148502086795e+03
2.197953462600708008e+00 9.821308898925781250e+01 2.880765914916992188e+00 9.850036621093750000e+01 2.996401801934421201e+03
2.197953462600708008e+00 9.821308898925781250e+01 3.112422943115234375e+00 9.856379699707031250e+01 3.111796475917040880e+03
2.197953462600708008e+00 9.821308898925781250e+01 2.962328195571899414e+00 9.885092163085937500e+01 3.014007509221408782e+03
2.197953462600708008e+00 9.821308898925781250e+01 2.815013408660888672e+00 9.917713165283203125e+01 2.981686763022417381e+03
2.197953462600708008e+00 9.821308898925781250e+01 2.562353372573852539e+00 9.933911132812500000e+01 2.901055766731410131e+03
2.197953462600708008e+00 9.821308898925781250e+01 1.785169959068298340e+00 9.911784362792968750e+01 3.326391997062605697e+03
2.632918357849121094e+00 9.810843658447265625e+01 2.278584957122802734e+00 9.874678802490234375e+01 3.180121867748126078e+03
2.632918357849121094e+00 9.810843658447265625e+01 2.265061616897583008e+00 9.884958648681640625e+01 2.730151985787537342e+03
2.632918357849121094e+00 9.810843658447265625e+01 2.104069948196411133e+00 9.895868682861328125e+01 2.773634957289081740e+03
2.632918357849121094e+00 9.810843658447265625e+01 2.570430040359497070e+00 9.871682739257812500e+01 2.369993474710830014e+03
2.632918357849121094e+00 9.810843658447265625e+01 2.716820001602172852e+00 9.869258880615234375e+01 2.243578685902837606e+03
2.632918357849121094e+00 9.810843658447265625e+01 2.677619934082031250e+00 9.883699798583984375e+01 3.282035454166972158e+03
2.632918357849121094e+00 9.810843658447265625e+01 2.331146717071533203e+00 9.905257415771484375e+01 2.621934146498002519e+03
2.632918357849121094e+00 9.810843658447265625e+01 2.431531667709350586e+00 9.916289520263671875e+01 2.557965780635847750e+03
2.632918357849121094e+00 9.810843658447265625e+01 2.542735099792480469e+00 9.909260559082031250e+01 2.411521364946492213e+03
2.632918357849121094e+00 9.810843658447265625e+01 2.620718240737915039e+00 9.898872375488281250e+01 3.070885628824254127e+03
2.632918357849121094e+00 9.810843658447265625e+01 2.903500080108642578e+00 9.869284820556640625e+01 2.369168271992887639e+03
2.632918357849121094e+00 9.810843658447265625e+01 2.962328195571899414e+00 9.885092163085937500e+01 3.677218224421317245e+03
2.632918357849121094e+00 9.810843658447265625e+01 2.815013408660888672e+00 9.917713165283203125e+01 2.479466423470576956e+03
2.632918357849121094e+00 9.810843658447265625e+01 2.562353372573852539e+00 9.933911132812500000e+01 2.896217421712321084e+03
2.632918357849121094e+00 9.810843658447265625e+01 1.785169959068298340e+00 9.911784362792968750e+01 2.552900894280830926e+03
2.664046764373779297e+00 9.819102478027343750e+01 2.265061616897583008e+00 9.884958648681640625e+01 3.386335487987051692e+03
2.664046764373779297e+00 9.819102478027343750e+01 2.228559970855712891e+00 9.893597412109375000e+01 3.364920924841579108e+03
2.664046764373779297e+00 9.819102478027343750e+01 2.104069948196411133e+00 9.895868682861328125e+01 3.131064821607397334e+03
2.664046764373779297e+00 9.819102478027343750e+01 1.864310026168823242e+00 9.890687561035156250e+01 3.278668217094986630e+03
2.664046764373779297e+00 9.819102478027343750e+01 2.437789916992187500e+00 9.888670349121093750e+01 3.040003959742860388e+03
2.664046764373779297e+00 9.819102478027343750e+01 2.677619934082031250e+00 9.883699798583984375e+01 2.916431633539074028e+03
2.664046764373779297e+00 9.819102478027343750e+01 2.331146717071533203e+00 9.905257415771484375e+01 3.384467827092248626e+03
2.664046764373779297e+00 9.819102478027343750e+01 2.431531667709350586e+00 9.916289520263671875e+01 2.853311270100224192e+03
2.664046764373779297e+00 9.819102478027343750e+01 2.542735099792480469e+00 9.909260559082031250e+01 2.830893595121383441e+03
2.664046764373779297e+00 9.819102478027343750e+01 2.620718240737915039e+00 9.898872375488281250e+01 2.823151005136339336e+03
2.664046764373779297e+00 9.819102478027343750e+01 2.695208311080932617e+00 9.892404937744140625e+01 2.793494499069717676e+03
2.664046764373779297e+00 9.819102478027343750e+01 2.816009998321533203e+00 9.881053924560546875e+01 2.887459094405738142e+03
2.664046764373779297e+00 9.819102478027343750e+01 2.962328195571899414e+00 9.885092163085937500e+01 3.054409423178158704e+03
2.664046764373779297e+00 9.819102478027343750e+01 2.815013408660888672e+00 9.917713165283203125e+01 3.004318919139257559e+03
2.664046764373779297e+00 9.819102478027343750e+01 1.785169959068298340e+00 9.911784362792968750e+01 3.057869088340424241e+03
2.664046764373779297e+00 9.819102478027343750e+01 2.962640047073364258e+00 9.885051727294921875e+01 3.000202869824457593e+03
2.656156778335571289e+00 9.826209259033203125e+01 2.228559970855712891e+00 9.893597412109375000e+01 3.291862098097646140e+03
2.656156778335571289e+00 9.826209259033203125e+01 1.864310026168823242e+00 9.890687561035156250e+01 3.240607723321429603e+03
2.656156778335571289e+00 9.826209259033203125e+01 2.437789916992187500e+00 9.888670349121093750e+01 3.056575466150643479e+03
2.656156778335571289e+00 9.826209259033203125e+01 2.331146717071533203e+00 9.905257415771484375e+01 3.364387526189902928e+03
2.656156778335571289e+00 9.826209259033203125e+01 2.431531667709350586e+00 9.916289520263671875e+01 2.822082450237022385e+03
2.656156778335571289e+00 9.826209259033203125e+01 2.542735099792480469e+00 9.909260559082031250e+01 2.816181592591590288e+03
2.656156778335571289e+00 9.826209259033203125e+01 2.620718240737915039e+00 9.898872375488281250e+01 2.808947921092976685e+03
2.656156778335571289e+00 9.826209259033203125e+01 2.695208311080932617e+00 9.892404937744140625e+01 2.730525516644448999e+03
2.656156778335571289e+00 9.826209259033203125e+01 2.815013408660888672e+00 9.917713165283203125e+01 2.973342636215018956e+03
2.656156778335571289e+00 9.826209259033203125e+01 2.562353372573852539e+00 9.933911132812500000e+01 3.364887572998784435e+03
2.656156778335571289e+00 9.826209259033203125e+01 1.785169959068298340e+00 9.911784362792968750e+01 3.025180311914275535e+03
2.718961715698242188e+00 9.838627624511718750e+01 2.104069948196411133e+00 9.895868682861328125e+01 3.075292416818000220e+03
2.718961715698242188e+00 9.838627624511718750e+01 1.950483322143554688e+00 9.894409942626953125e+01 2.999489050271289670e+03
2.718961715698242188e+00 9.838627624511718750e+01 1.864310026168823242e+00 9.890687561035156250e+01 3.328248673741995844e+03
2.718961715698242188e+00 9.838627624511718750e+01 2.331146717071533203e+00 9.905257415771484375e+01 2.424290352654292747e+03
2.718961715698242188e+00 9.838627624511718750e+01 2.431531667709350586e+00 9.916289520263671875e+01 2.779120116560073257e+03
2.718961715698242188e+00 9.838627624511718750e+01 2.542735099792480469e+00 9.909260559082031250e+01 2.795037781041986364e+03
2.718961715698242188e+00 9.838627624511718750e+01 2.620718240737915039e+00 9.898872375488281250e+01 2.748114977262377124e+03
2.718961715698242188e+00 9.838627624511718750e+01 2.815013408660888672e+00 9.917713165283203125e+01 2.911647612197189574e+03
2.718961715698242188e+00 9.838627624511718750e+01 1.785169959068298340e+00 9.911784362792968750e+01 3.185936249326220604e+03
2.626151800155639648e+00 9.848457336425781250e+01 2.104069948196411133e+00 9.895868682861328125e+01 3.055084411243994055e+03
2.626151800155639648e+00 9.848457336425781250e+01 1.950483322143554688e+00 9.894409942626953125e+01 3.187752424414101824e+03
2.626151800155639648e+00 9.848457336425781250e+01 1.864310026168823242e+00 9.890687561035156250e+01 3.373897144149367705e+03
2.626151800155639648e+00 9.848457336425781250e+01 2.431531667709350586e+00 9.916289520263671875e+01 2.726362515983567846e+03
2.626151800155639648e+00 9.848457336425781250e+01 2.542735099792480469e+00 9.909260559082031250e+01 2.668360376002704470e+03
2.626151800155639648e+00 9.848457336425781250e+01 2.815013408660888672e+00 9.917713165283203125e+01 2.900803566865821722e+03
2.518174886703491211e+00 9.863951110839843750e+01 1.950483322143554688e+00 9.894409942626953125e+01 2.718855139677443276e+03
2.518174886703491211e+00 9.863951110839843750e+01 2.815013408660888672e+00 9.917713165283203125e+01 2.747009244362800018e+03
2.518174886703491211e+00 9.863951110839843750e+01 1.785169959068298340e+00 9.911784362792968750e+01 3.103255725620220801e+03
2.278584957122802734e+00 9.874678802490234375e+01 2.934155702590942383e+00 9.860175323486328125e+01 2.814281373116551549e+03
2.278584957122802734e+00 9.874678802490234375e+01 3.112422943115234375e+00 9.856379699707031250e+01 3.110632752606609301e+03
2.278584957122802734e+00 9.874678802490234375e+01 2.962328195571899414e+00 9.885092163085937500e+01 2.633394810590253655e+03
2.278584957122802734e+00 9.874678802490234375e+01 2.815013408660888672e+00 9.917713165283203125e+01 2.940999136636978619e+03
2.278584957122802734e+00 9.874678802490234375e+01 2.562353372573852539e+00 9.933911132812500000e+01 2.965885344249430545e+03
2.278584957122802734e+00 9.874678802490234375e+01 2.962640047073364258e+00 9.885051727294921875e+01 2.605161328436867734e+03
2.265061616897583008e+00 9.884958648681640625e+01 2.903500080108642578e+00 9.869284820556640625e+01 2.672712968735389040e+03
2.265061616897583008e+00 9.884958648681640625e+01 2.962328195571899414e+00 9.885092163085937500e+01 2.930506200617233844e+03
2.265061616897583008e+00 9.884958648681640625e+01 2.815013408660888672e+00 9.917713165283203125e+01 2.806275570063673058e+03
2.265061616897583008e+00 9.884958648681640625e+01 2.962640047073364258e+00 9.885051727294921875e+01 2.940785348685771623e+03
2.228559970855712891e+00 9.893597412109375000e+01 2.716820001602172852e+00 9.869258880615234375e+01 2.511699908844471338e+03
2.228559970855712891e+00 9.893597412109375000e+01 2.903500080108642578e+00 9.869284820556640625e+01 2.714823179202505344e+03
2.228559970855712891e+00 9.893597412109375000e+01 2.934155702590942383e+00 9.860175323486328125e+01 2.587509493980267962e+03
2.228559970855712891e+00 9.893597412109375000e+01 2.880765914916992188e+00 9.850036621093750000e+01 2.550254511768260727e+03
2.228559970855712891e+00 9.893597412109375000e+01 3.112422943115234375e+00 9.856379699707031250e+01 2.769713530507727683e+03
2.228559970855712891e+00 9.893597412109375000e+01 2.962328195571899414e+00 9.885092163085937500e+01 2.966212619371251549e+03
2.228559970855712891e+00 9.893597412109375000e+01 2.962640047073364258e+00 9.885051727294921875e+01 2.828507129838701076e+03
2.104069948196411133e+00 9.895868682861328125e+01 2.677619934082031250e+00 9.883699798583984375e+01 2.694141446005255602e+03
2.104069948196411133e+00 9.895868682861328125e+01 2.816009998321533203e+00 9.881053924560546875e+01 2.899691429344383778e+03
2.104069948196411133e+00 9.895868682861328125e+01 2.903500080108642578e+00 9.869284820556640625e+01 2.742987409549185941e+03
2.104069948196411133e+00 9.895868682861328125e+01 2.934155702590942383e+00 9.860175323486328125e+01 2.735175996077367927e+03
2.104069948196411133e+00 9.895868682861328125e+01 2.880765914916992188e+00 9.850036621093750000e+01 2.515500775867448283e+03
2.104069948196411133e+00 9.895868682861328125e+01 3.112422943115234375e+00 9.856379699707031250e+01 2.504586037182477412e+03
2.104069948196411133e+00 9.895868682861328125e+01 2.962328195571899414e+00 9.885092163085937500e+01 3.125540563931169800e+03
2.104069948196411133e+00 9.895868682861328125e+01 2.815013408660888672e+00 9.917713165283203125e+01 3.028750868404573339e+03
2.104069948196411133e+00 9.895868682861328125e+01 2.962640047073364258e+00 9.885051727294921875e+01 3.082057144477807469e+03
1.950483322143554688e+00 9.894409942626953125e+01 2.642735004425048828e+00 9.842424011230468750e+01 2.849064930743239074e+03
1.950483322143554688e+00 9.894409942626953125e+01 2.716820001602172852e+00 9.869258880615234375e+01 2.565546839557564454e+03
1.950483322143554688e+00 9.894409942626953125e+01 2.677619934082031250e+00 9.883699798583984375e+01 2.783143108695087449e+03
1.950483322143554688e+00 9.894409942626953125e+01 2.620718240737915039e+00 9.898872375488281250e+01 2.969677896757928465e+03
1.950483322143554688e+00 9.894409942626953125e+01 2.695208311080932617e+00 9.892404937744140625e+01 2.884200437228845658e+03
1.950483322143554688e+00 9.894409942626953125e+01 2.816009998321533203e+00 9.881053924560546875e+01 2.872395507186183295e+03
1.950483322143554688e+00 9.894409942626953125e+01 2.903500080108642578e+00 9.869284820556640625e+01 2.792596571749557370e+03
1.950483322143554688e+00 9.894409942626953125e+01 2.934155702590942383e+00 9.860175323486328125e+01 2.743871752935292079e+03
1.950483322143554688e+00 9.894409942626953125e+01 2.880765914916992188e+00 9.850036621093750000e+01 2.566751772969220383e+03
1.950483322143554688e+00 9.894409942626953125e+01 3.112422943115234375e+00 9.856379699707031250e+01 2.807506026377448507e+03
1.950483322143554688e+00 9.894409942626953125e+01 2.962328195571899414e+00 9.885092163085937500e+01 2.736824348589314468e+03
1.950483322143554688e+00 9.894409942626953125e+01 2.815013408660888672e+00 9.917713165283203125e+01 3.061290945259192995e+03
1.950483322143554688e+00 9.894409942626953125e+01 2.962640047073364258e+00 9.885051727294921875e+01 2.854260443280551499e+03
1.864310026168823242e+00 9.890687561035156250e+01 2.642735004425048828e+00 9.842424011230468750e+01 3.252129601326066677e+03
1.864310026168823242e+00 9.890687561035156250e+01 2.570430040359497070e+00 9.871682739257812500e+01 3.239988798915398547e+03
1.864310026168823242e+00 9.890687561035156250e+01 2.677619934082031250e+00 9.883699798583984375e+01 2.853857633908845855e+03
1.864310026168823242e+00 9.890687561035156250e+01 2.431531667709350586e+00 9.916289520263671875e+01 2.850854398425346062e+03
1.864310026168823242e+00 9.890687561035156250e+01 2.542735099792480469e+00 9.909260559082031250e+01 2.900025769672593924e+03
1.864310026168823242e+00 9.890687561035156250e+01 2.695208311080932617e+00 9.892404937744140625e+01 2.753241688202093883e+03
1.864310026168823242e+00 9.890687561035156250e+01 2.816009998321533203e+00 9.881053924560546875e+01 2.812371432515982178e+03
1.864310026168823242e+00 9.890687561035156250e+01 2.903500080108642578e+00 9.869284820556640625e+01 2.858321021233092779e+03
1.864310026168823242e+00 9.890687561035156250e+01 2.962328195571899414e+00 9.885092163085937500e+01 2.891959123578385970e+03
1.864310026168823242e+00 9.890687561035156250e+01 2.815013408660888672e+00 9.917713165283203125e+01 2.812925065711516254e+03
1.864310026168823242e+00 9.890687561035156250e+01 2.962640047073364258e+00 9.885051727294921875e+01 2.931362837987374405e+03
2.160723209381103516e+00 9.862948608398437500e+01 2.695208311080932617e+00 9.892404937744140625e+01 2.642626799165801913e+03
2.160723209381103516e+00 9.862948608398437500e+01 2.816009998321533203e+00 9.881053924560546875e+01 2.697318007913578185e+03
2.160723209381103516e+00 9.862948608398437500e+01 2.903500080108642578e+00 9.869284820556640625e+01 3.068518132970973056e+03
2.160723209381103516e+00 9.862948608398437500e+01 2.934155702590942383e+00 9.860175323486328125e+01 3.072614760087013110e+03
2.160723209381103516e+00 9.862948608398437500e+01 3.112422943115234375e+00 9.856379699707031250e+01 3.075251241392577413e+03
2.160723209381103516e+00 9.862948608398437500e+01 2.962328195571899414e+00 9.885092163085937500e+01 2.831440644577553485e+03
2.160723209381103516e+00 9.862948608398437500e+01 2.815013408660888672e+00 9.917713165283203125e+01 2.979714250105548672e+03
2.160723209381103516e+00 9.862948608398437500e+01 2.962640047073364258e+00 9.885051727294921875e+01 2.872969575464983791e+03
2.153630018234252930e+00 9.847654724121093750e+01 2.677619934082031250e+00 9.883699798583984375e+01 2.787997302501214563e+03
2.153630018234252930e+00 9.847654724121093750e+01 2.431531667709350586e+00 9.916289520263671875e+01 3.239116901483441779e+03
2.153630018234252930e+00 9.847654724121093750e+01 2.542735099792480469e+00 9.909260559082031250e+01 2.982572457660727650e+03
2.153630018234252930e+00 9.847654724121093750e+01 2.620718240737915039e+00 9.898872375488281250e+01 2.881369866059756077e+03
2.153630018234252930e+00 9.847654724121093750e+01 2.695208311080932617e+00 9.892404937744140625e+01 2.627367559732889731e+03
2.153630018234252930e+00 9.847654724121093750e+01 2.816009998321533203e+00 9.881053924560546875e+01 2.775947933343575642e+03
2.153630018234252930e+00 9.847654724121093750e+01 2.903500080108642578e+00 9.869284820556640625e+01 3.019307402666651797e+03
2.153630018234252930e+00 9.847654724121093750e+01 2.934155702590942383e+00 9.860175323486328125e+01 3.052467173612791157e+03
2.153630018234252930e+00 9.847654724121093750e+01 2.880765914916992188e+00 9.850036621093750000e+01 3.226389628852619353e+03
2.153630018234252930e+00 9.847654724121093750e+01 3.112422943115234375e+00 9.856379699707031250e+01 3.082767229065942956e+03
2.153630018234252930e+00 9.847654724121093750e+01 2.962328195571899414e+00 9.885092163085937500e+01 2.906913694953961567e+03
2.153630018234252930e+00 9.847654724121093750e+01 2.815013408660888672e+00 9.917713165283203125e+01 2.916944913562164402e+03
2.153630018234252930e+00 9.847654724121093750e+01 2.962640047073364258e+00 9.885051727294921875e+01 2.908822015905467651e+03
2.284437894821166992e+00 9.836296081542968750e+01 2.331146717071533203e+00 9.905257415771484375e+01 3.021780914168644358e+03
2.284437894821166992e+00 9.836296081542968750e+01 2.542735099792480469e+00 9.909260559082031250e+01 2.775584563692443680e+03
2.284437894821166992e+00 9.836296081542968750e+01 2.620718240737915039e+00 9.898872375488281250e+01 2.760265879255874552e+03
2.284437894821166992e+00 9.836296081542968750e+01 2.695208311080932617e+00 9.892404937744140625e+01 2.787429614893438611e+03
2.284437894821166992e+00 9.836296081542968750e+01 2.816009998321533203e+00 9.881053924560546875e+01 3.126848123163064884e+03
2.284437894821166992e+00 9.836296081542968750e+01 3.112422943115234375e+00 9.856379699707031250e+01 3.107755734825746913e+03
2.284437894821166992e+00 9.836296081542968750e+01 2.962328195571899414e+00 9.885092163085937500e+01 2.967876199974474275e+03
2.284437894821166992e+00 9.836296081542968750e+01 2.815013408660888672e+00 9.917713165283203125e+01 2.916441888350059799e+03
2.284437894821166992e+00 9.836296081542968750e+01 2.962640047073364258e+00 9.885051727294921875e+01 2.957761767023881021e+03
2.642735004425048828e+00 9.842424011230468750e+01 2.431531667709350586e+00 9.916289520263671875e+01 2.767313092518619669e+03
2.642735004425048828e+00 9.842424011230468750e+01 2.542735099792480469e+00 9.909260559082031250e+01 2.723669846905538179e+03
2.642735004425048828e+00 9.842424011230468750e+01 2.562353372573852539e+00 9.933911132812500000e+01 3.741319940575070632e+03
2.642735004425048828e+00 9.842424011230468750e+01 1.785169959068298340e+00 9.911784362792968750e+01 3.117184555985131738e+03
2.321415424346923828e+00 9.849951934814453125e+01 2.431531667709350586e+00 9.916289520263671875e+01 2.991453634998611960e+03
2.321415424346923828e+00 9.849951934814453125e+01 2.542735099792480469e+00 9.909260559082031250e+01 2.729080339442961304e+03
2.321415424346923828e+00 9.849951934814453125e+01 3.112422943115234375e+00 9.856379699707031250e+01 3.050830693705018348e+03
2.321415424346923828e+00 9.849951934814453125e+01 2.815013408660888672e+00 9.917713165283203125e+01 2.891015866734409428e+03
2.321415424346923828e+00 9.849951934814453125e+01 2.562353372573852539e+00 9.933911132812500000e+01 3.448187681368526682e+03
2.321415424346923828e+00 9.849951934814453125e+01 1.785169959068298340e+00 9.911784362792968750e+01 2.812075986123810708e+03
2.437789916992187500e+00 9.888670349121093750e+01 2.934155702590942383e+00 9.860175323486328125e+01 2.529290668316771189e+03
2.437789916992187500e+00 9.888670349121093750e+01 2.880765914916992188e+00 9.850036621093750000e+01 2.415862236403797397e+03
2.437789916992187500e+00 9.888670349121093750e+01 1.785169959068298340e+00 9.911784362792968750e+01 2.764387619954500678e+03
2.570430040359497070e+00 9.871682739257812500e+01 2.562353372573852539e+00 9.933911132812500000e+01 2.745551532818990836e+03
2.716820001602172852e+00 9.869258880615234375e+01 2.562353372573852539e+00 9.933911132812500000e+01 2.834859979798437053e+03
2.716820001602172852e+00 9.869258880615234375e+01 1.785169959068298340e+00 9.911784362792968750e+01 2.729757250589519572e+03
2.331146717071533203e+00 9.905257415771484375e+01 2.903500080108642578e+00 9.869284820556640625e+01 3.055964543715944274e+03
2.331146717071533203e+00 9.905257415771484375e+01 2.934155702590942383e+00 9.860175323486328125e+01 2.888544318175978788e+03
2.331146717071533203e+00 9.905257415771484375e+01 2.880765914916992188e+00 9.850036621093750000e+01 2.741843062459641260e+03
2.331146717071533203e+00 9.905257415771484375e+01 3.112422943115234375e+00 9.856379699707031250e+01 2.618483467171918164e+03
2.431531667709350586e+00 9.916289520263671875e+01 2.903500080108642578e+00 9.869284820556640625e+01 3.030225715043567106e+03
2.431531667709350586e+00 9.916289520263671875e+01 2.934155702590942383e+00 9.860175323486328125e+01 3.097384590791094979e+03
2.431531667709350586e+00 9.916289520263671875e+01 2.880765914916992188e+00 9.850036621093750000e+01 2.889635982979302298e+03
2.431531667709350586e+00 9.916289520263671875e+01 3.112422943115234375e+00 9.856379699707031250e+01 3.238088784600204235e+03
2.542735099792480469e+00 9.909260559082031250e+01 2.880765914916992188e+00 9.850036621093750000e+01 3.051978621239728909e+03
2.542735099792480469e+00 9.909260559082031250e+01 1.785169959068298340e+00 9.911784362792968750e+01 3.075803655080350381e+03
2.620718240737915039e+00 9.898872375488281250e+01 1.785169959068298340e+00 9.911784362792968750e+01 2.918847077127934426e+03
2.816009998321533203e+00 9.881053924560546875e+01 1.785169959068298340e+00 9.911784362792968750e+01 2.536469222863761388e+03
2.903500080108642578e+00 9.869284820556640625e+01 2.562353372573852539e+00 9.933911132812500000e+01 3.232520924059161644e+03
2.903500080108642578e+00 9.869284820556640625e+01 1.785169959068298340e+00 9.911784362792968750e+01 2.860916877792445575e+03
2.880765914916992188e+00 9.850036621093750000e+01 2.815013408660888672e+00 9.917713165283203125e+01 2.990485755177137889e+03
2.880765914916992188e+00 9.850036621093750000e+01 2.562353372573852539e+00 9.933911132812500000e+01 2.901915094853939081e+03
2.880765914916992188e+00 9.850036621093750000e+01 1.785169959068298340e+00 9.911784362792968750e+01 2.412474807892711397e+03
3.112422943115234375e+00 9.856379699707031250e+01 2.562353372573852539e+00 9.933911132812500000e+01 2.805041499098556869e+03
2.562353372573852539e+00 9.933911132812500000e+01 2.962640047073364258e+00 9.885051727294921875e+01 2.329164629890524793e+03
