1.553038358688354492e+00 9.889738464355468750e+01 1.784703254699707031e+00 9.874190521240234375e+01 3.002804873366110314e+03
1.553038358688354492e+00 9.889738464355468750e+01 2.113666772842407227e+00 9.831295776367187500e+01 2.904910589629948390e+03
1.553038358688354492e+00 9.889738464355468750e+01 2.197953462600708008e+00 9.821308898925781250e+01 2.886210522719763958e+03
1.553038358688354492e+00 9.889738464355468750e+01 2.815013408660888672e+00 9.917713165283203125e+01 2.847939695814189690e+03
1.784703254699707031e+00 9.874190521240234375e+01 2.025619983673095703e+00 9.839916229248046875e+01 2.927177069926615331e+03
1.784703254699707031e+00 9.874190521240234375e+01 2.113666772842407227e+00 9.831295776367187500e+01 2.888659974863291154e+03
1.784703254699707031e+00 9.874190521240234375e+01 2.197953462600708008e+00 9.821308898925781250e+01 2.935905510285287164e+03
1.784703254699707031e+00 9.874190521240234375e+01 2.656156778335571289e+00 9.826209259033203125e+01 3.078124163941831284e+03
1.784703254699707031e+00 9.874190521240234375e+01 2.626151800155639648e+00 9.848457336425781250e+01 3.067620105647341461e+03
1.784703254699707031e+00 9.874190521240234375e+01 2.278584957122802734e+00 9.874678802490234375e+01 3.177466538166065220e+03
1.784703254699707031e+00 9.874190521240234375e+01 2.265061616897583008e+00 9.884958648681640625e+01 3.038420066927380049e+03
1.784703254699707031e+00 9.874190521240234375e+01 2.104069948196411133e+00 9.895868682861328125e+01 2.992503224837481412e+03
1.784703254699707031e+00 9.874190521240234375e+01 2.160723209381103516e+00 9.862948608398437500e+01 3.086811893102156773e+03
1.784703254699707031e+00 9.874190521240234375e+01 2.153630018234252930e+00 9.847654724121093750e+01 3.083000616928735781e+03
1.784703254699707031e+00 9.874190521240234375e+01 2.284437894821166992e+00 9.836296081542968750e+01 3.130343063420878025e+03
1.784703254699707031e+00 9.874190521240234375e+01 2.321415424346923828e+00 9.849951934814453125e+01 3.144884491962773154e+03
1.784703254699707031e+00 9.874190521240234375e+01 2.677619934082031250e+00 9.883699798583984375e+01 2.763326616255460522e+03
1.784703254699707031e+00 9.874190521240234375e+01 2.331146717071533203e+00 9.905257415771484375e+01 2.899789156167641977e+03
1.784703254699707031e+00 9.874190521240234375e+01 2.962640047073364258e+00 9.885051727294921875e+01 2.640888662524135725e+03
1.906895041465759277e+00 9.861446380615234375e+01 2.025619983673095703e+00 9.839916229248046875e+01 2.904507828279995010e+03
1.906895041465759277e+00 9.861446380615234375e+01 2.113666772842407227e+00 9.831295776367187500e+01 2.949609763966353967e+03
1.906895041465759277e+00 9.861446380615234375e+01 2.197953462600708008e+00 9.821308898925781250e+01 2.904596386463410454e+03
1.906895041465759277e+00 9.861446380615234375e+01 2.664046764373779297e+00 9.819102478027343750e+01 3.136997855723873727e+03
1.906895041465759277e+00 9.861446380615234375e+01 2.656156778335571289e+00 9.826209259033203125e+01 3.098613102155616616e+03
1.906895041465759277e+00 9.861446380615234375e+01 2.718961715698242188e+00 9.838627624511718750e+01 3.067256978496905049e+03
1.906895041465759277e+00 9.861446380615234375e+01 2.518174886703491211e+00 9.863951110839843750e+01 3.041440138056385422e+03
1.906895041465759277e+00 9.861446380615234375e+01 2.228559970855712891e+00 9.893597412109375000e+01 2.883665719248824189e+03
1.906895041465759277e+00 9.861446380615234375e+01 1.864310026168823242e+00 9.890687561035156250e+01 3.059244100278107453e+03
1.906895041465759277e+00 9.861446380615234375e+01 2.153630018234252930e+00 9.847654724121093750e+01 3.058840338431874898e+03
1.906895041465759277e+00 9.861446380615234375e+01 2.284437894821166992e+00 9.836296081542968750e+01 3.126004163901735865e+03
1.906895041465759277e+00 9.861446380615234375e+01 2.321415424346923828e+00 9.849951934814453125e+01 3.083769803406758001e+03
1.906895041465759277e+00 9.861446380615234375e+01 2.437789916992187500e+00 9.888670349121093750e+01 2.853479257557846267e+03
1.906895041465759277e+00 9.861446380615234375e+01 2.331146717071533203e+00 9.905257415771484375e+01 2.832523011541183678e+03
1.906895041465759277e+00 9.861446380615234375e+01 2.431531667709350586e+00 9.916289520263671875e+01 2.835161165894787246e+03
2.025619983673095703e+00 9.839916229248046875e+01 2.197953462600708008e+00 9.821308898925781250e+01 2.801797137684910012e+03
2.025619983673095703e+00 9.839916229248046875e+01 2.626151800155639648e+00 9.848457336425781250e+01 2.950016433651318948e+03
2.025619983673095703e+00 9.839916229248046875e+01 2.518174886703491211e+00 9.863951110839843750e+01 2.942163510932500685e+03
2.025619983673095703e+00 9.839916229248046875e+01 2.278584957122802734e+00 9.874678802490234375e+01 3.163439558562663933e+03
2.025619983673095703e+00 9.839916229248046875e+01 2.265061616897583008e+00 9.884958648681640625e+01 2.975275792570789235e+03
2.025619983673095703e+00 9.839916229248046875e+01 2.228559970855712891e+00 9.893597412109375000e+01 2.909865940779512130e+03
2.025619983673095703e+00 9.839916229248046875e+01 1.950483322143554688e+00 9.894409942626953125e+01 3.101321986412580372e+03
2.025619983673095703e+00 9.839916229248046875e+01 1.864310026168823242e+00 9.890687561035156250e+01 3.152821814949731106e+03
2.025619983673095703e+00 9.839916229248046875e+01 2.160723209381103516e+00 9.862948608398437500e+01 2.881595958893744410e+03
2.025619983673095703e+00 9.839916229248046875e+01 2.284437894821166992e+00 9.836296081542968750e+01 2.964671027152658553e+03
2.025619983673095703e+00 9.839916229248046875e+01 2.570430040359497070e+00 9.871682739257812500e+01 2.938638712622795538e+03
2.025619983673095703e+00 9.839916229248046875e+01 2.331146717071533203e+00 9.905257415771484375e+01 2.944622953259009137e+03
2.025619983673095703e+00 9.839916229248046875e+01 2.816009998321533203e+00 9.881053924560546875e+01 2.770353314959510044e+03
2.025619983673095703e+00 9.839916229248046875e+01 2.903500080108642578e+00 9.869284820556640625e+01 2.793236959965227470e+03
2.025619983673095703e+00 9.839916229248046875e+01 2.934155702590942383e+00 9.860175323486328125e+01 2.897936295564473312e+03
2.025619983673095703e+00 9.839916229248046875e+01 3.112422943115234375e+00 9.856379699707031250e+01 2.851041412596196096e+03
2.025619983673095703e+00 9.839916229248046875e+01 2.962640047073364258e+00 9.885051727294921875e+01 2.750025540761721459e+03
2.113666772842407227e+00 9.831295776367187500e+01 2.664046764373779297e+00 9.819102478027343750e+01 3.110344066019629736e+03
2.113666772842407227e+00 9.831295776367187500e+01 2.518174886703491211e+00 9.863951110839843750e+01 2.894035691883739673e+03
2.113666772842407227e+00 9.831295776367187500e+01 2.278584957122802734e+00 9.874678802490234375e+01 3.102254852335237956e+03
2.113666772842407227e+00 9.831295776367187500e+01 2.265061616897583008e+00 9.884958648681640625e+01 2.966920395412632843e+03
2.113666772842407227e+00 9.831295776367187500e+01 2.104069948196411133e+00 9.895868682861328125e+01 2.971523385349747059e+03
2.113666772842407227e+00 9.831295776367187500e+01 1.950483322143554688e+00 9.894409942626953125e+01 3.074567729162538853e+03
2.113666772842407227e+00 9.831295776367187500e+01 1.864310026168823242e+00 9.890687561035156250e+01 3.065631911151002896e+03
2.113666772842407227e+00 9.831295776367187500e+01 2.160723209381103516e+00 9.862948608398437500e+01 3.085094148137088268e+03
2.113666772842407227e+00 9.831295776367187500e+01 2.437789916992187500e+00 9.888670349121093750e+01 2.793451058297690452e+03
2.113666772842407227e+00 9.831295776367187500e+01 2.331146717071533203e+00 9.905257415771484375e+01 2.952868672500424054e+03
2.113666772842407227e+00 9.831295776367187500e+01 2.542735099792480469e+00 9.909260559082031250e+01 2.733068918741621928e+03
2.113666772842407227e+00 9.831295776367187500e+01 2.880765914916992188e+00 9.850036621093750000e+01 2.927591884997338639e+03
2.197953462600708008e+00 9.821308898925781250e+01 2.632918357849121094e+00 9.810843658447265625e+01 2.361369094502210373e+03
2.197953462600708008e+00 9.821308898925781250e+01 2.718961715698242188e+00 9.838627624511718750e+01 2.931592893693647056e+03
2.197953462600708008e+00 9.821308898925781250e+01 2.626151800155639648e+00 9.848457336425781250e+01 2.841118939146858793e+03
2.197953462600708008e+00 9.821308898925781250e+01 2.518174886703491211e+00 9.863951110839843750e+01 2.853395260117036742e+03
2.197953462600708008e+00 9.821308898925781250e+01 2.278584957122802734e+00 9.874678802490234375e+01 3.061836559013098849e+03
2.197953462600708008e+00 9.821308898925781250e+01 2.265061616897583008e+00 9.884958648681640625e+01 3.022178623462035375e+03
2.197953462600708008e+00 9.821308898925781250e+01 2.160723209381103516e+00 9.862948608398437500e+01 3.062438289265220192e+03
2.197953462600708008e+00 9.821308898925781250e+01 2.153630018234252930e+00 9.847654724121093750e+01 2.988105343959384754e+03
2.197953462600708008e+00 9.821308898925781250e+01 2.642735004425048828e+00 9.842424011230468750e+01 2.912559659868116341e+03
2.197953462600708008e+00 9.821308898925781250e+01 2.321415424346923828e+00 9.849951934814453125e+01 2.908799677720918680e+03
2.197953462600708008e+00 9.821308898925781250e+01 2.570430040359497070e+00 9.871682739257812500e+01 2.847998575322591023e+03
2.197953462600708008e+00 9.821308898925781250e+01 2.716820001602172852e+00 9.869258880615234375e+01 2.775412613914588746e+03
2.197953462600708008e+00 9.821308898925781250e+01 2.816009998321533203e+00 9.881053924560546875e+01 2.677619243194609226e+03
2.197953462600708008e+00 9.821308898925781250e+01 2.903500080108642578e+00 9.869284820556640625e+01 2.767319153712095158e+03
2.197953462600708008e+00 9.821308898925781250e+01 2.934155702590942383e+00 9.860175323486328125e+01 2.787146668024334303e+03
2.197953462600708008e+00 9.821308898925781250e+01 2.880765914916992188e+00 9.850036621093750000e+01 2.887230226965091788e+03
2.197953462600708008e+00 9.821308898925781250e+01 3.112422943115234375e+00 9.856379699707031250e+01 2.871639126048413800e+03
2.632918357849121094e+00 9.810843658447265625e+01 2.518174886703491211e+00 9.863951110839843750e+01 2.775807866365613336e+03
2.632918357849121094e+00 9.810843658447265625e+01 2.153630018234252930e+00 9.847654724121093750e+01 2.070534012025002539e+03
2.632918357849121094e+00 9.810843658447265625e+01 2.331146717071533203e+00 9.905257415771484375e+01 1.954489278129331069e+03
2.632918357849121094e+00 9.810843658447265625e+01 2.816009998321533203e+00 9.881053924560546875e+01 2.785619173864481581e+03
2.632918357849121094e+00 9.810843658447265625e+01 2.962328195571899414e+00 9.885092163085937500e+01 3.210367277100356660e+03
2.632918357849121094e+00 9.810843658447265625e+01 2.562353372573852539e+00 9.933911132812500000e+01 2.696232495885370099e+03
2.664046764373779297e+00 9.819102478027343750e+01 2.518174886703491211e+00 9.863951110839843750e+01 2.940054704190698430e+03
2.664046764373779297e+00 9.819102478027343750e+01 2.265061616897583008e+00 9.884958648681640625e+01 2.967220822326087273e+03
2.664046764373779297e+00 9.819102478027343750e+01 2.228559970855712891e+00 9.893597412109375000e+01 2.953909476619538964e+03
2.664046764373779297e+00 9.819102478027343750e+01 2.160723209381103516e+00 9.862948608398437500e+01 3.134431187574905834e+03
2.664046764373779297e+00 9.819102478027343750e+01 2.153630018234252930e+00 9.847654724121093750e+01 3.162221967525165837e+03
2.664046764373779297e+00 9.819102478027343750e+01 2.642735004425048828e+00 9.842424011230468750e+01 3.034710151979112197e+03
2.664046764373779297e+00 9.819102478027343750e+01 2.321415424346923828e+00 9.849951934814453125e+01 3.056881000098397635e+03
2.664046764373779297e+00 9.819102478027343750e+01 2.437789916992187500e+00 9.888670349121093750e+01 2.704297368206564443e+03
2.664046764373779297e+00 9.819102478027343750e+01 2.677619934082031250e+00 9.883699798583984375e+01 2.670561217240483984e+03
2.664046764373779297e+00 9.819102478027343750e+01 2.542735099792480469e+00 9.909260559082031250e+01 2.645281076737431704e+03
2.664046764373779297e+00 9.819102478027343750e+01 2.620718240737915039e+00 9.898872375488281250e+01 2.619803550636249838e+03
2.664046764373779297e+00 9.819102478027343750e+01 2.816009998321533203e+00 9.881053924560546875e+01 2.741639551699673120e+03
2.664046764373779297e+00 9.819102478027343750e+01 2.880765914916992188e+00 9.850036621093750000e+01 2.921826168937113380e+03
2.656156778335571289e+00 9.826209259033203125e+01 2.626151800155639648e+00 9.848457336425781250e+01 2.853967703304306269e+03
2.656156778335571289e+00 9.826209259033203125e+01 2.518174886703491211e+00 9.863951110839843750e+01 2.928559245282136544e+03
2.656156778335571289e+00 9.826209259033203125e+01 2.265061616897583008e+00 9.884958648681640625e+01 2.963410463662679376e+03
2.656156778335571289e+00 9.826209259033203125e+01 2.228559970855712891e+00 9.893597412109375000e+01 2.929611608648030142e+03
2.656156778335571289e+00 9.826209259033203125e+01 2.160723209381103516e+00 9.862948608398437500e+01 3.123275350882388921e+03
2.656156778335571289e+00 9.826209259033203125e+01 2.321415424346923828e+00 9.849951934814453125e+01 3.080424830286636734e+03
2.656156778335571289e+00 9.826209259033203125e+01 2.677619934082031250e+00 9.883699798583984375e+01 2.630422999437536419e+03
2.656156778335571289e+00 9.826209259033203125e+01 2.331146717071533203e+00 9.905257415771484375e+01 2.633325137083465961e+03
2.656156778335571289e+00 9.826209259033203125e+01 2.542735099792480469e+00 9.909260559082031250e+01 2.621957078502733111e+03
2.656156778335571289e+00 9.826209259033203125e+01 2.620718240737915039e+00 9.898872375488281250e+01 2.593700864334434300e+03
2.656156778335571289e+00 9.826209259033203125e+01 2.695208311080932617e+00 9.892404937744140625e+01 2.465326450491114429e+03
2.656156778335571289e+00 9.826209259033203125e+01 2.816009998321533203e+00 9.881053924560546875e+01 2.721196491227980914e+03
2.656156778335571289e+00 9.826209259033203125e+01 2.903500080108642578e+00 9.869284820556640625e+01 2.781115243148693480e+03
2.656156778335571289e+00 9.826209259033203125e+01 2.880765914916992188e+00 9.850036621093750000e+01 2.939670184342106495e+03
2.718961715698242188e+00 9.838627624511718750e+01 2.518174886703491211e+00 9.863951110839843750e+01 2.897453430666028453e+03
2.718961715698242188e+00 9.838627624511718750e+01 2.228559970855712891e+00 9.893597412109375000e+01 2.830987306161146989e+03
2.718961715698242188e+00 9.838627624511718750e+01 2.160723209381103516e+00 9.862948608398437500e+01 2.986051800022242332e+03
2.718961715698242188e+00 9.838627624511718750e+01 2.284437894821166992e+00 9.836296081542968750e+01 3.036820514907955385e+03
2.718961715698242188e+00 9.838627624511718750e+01 2.321415424346923828e+00 9.849951934814453125e+01 2.975247101262243632e+03
2.718961715698242188e+00 9.838627624511718750e+01 2.331146717071533203e+00 9.905257415771484375e+01 2.303975596724157640e+03
2.718961715698242188e+00 9.838627624511718750e+01 2.542735099792480469e+00 9.909260559082031250e+01 2.543152040842294355e+03
2.718961715698242188e+00 9.838627624511718750e+01 2.620718240737915039e+00 9.898872375488281250e+01 2.507988237567647502e+03
2.626151800155639648e+00 9.848457336425781250e+01 2.278584957122802734e+00 9.874678802490234375e+01 3.027507681187476010e+03
2.626151800155639648e+00 9.848457336425781250e+01 2.104069948196411133e+00 9.895868682861328125e+01 2.860458738411713512e+03
2.626151800155639648e+00 9.848457336425781250e+01 1.950483322143554688e+00 9.894409942626953125e+01 2.878916382909847016e+03
2.626151800155639648e+00 9.848457336425781250e+01 1.864310026168823242e+00 9.890687561035156250e+01 3.018597536671890794e+03
2.626151800155639648e+00 9.848457336425781250e+01 2.153630018234252930e+00 9.847654724121093750e+01 2.963836261105042468e+03
2.626151800155639648e+00 9.848457336425781250e+01 2.284437894821166992e+00 9.836296081542968750e+01 2.817197811106931567e+03
2.626151800155639648e+00 9.848457336425781250e+01 2.570430040359497070e+00 9.871682739257812500e+01 2.663474007767362309e+03
2.626151800155639648e+00 9.848457336425781250e+01 2.331146717071533203e+00 9.905257415771484375e+01 2.799054540301295674e+03
2.626151800155639648e+00 9.848457336425781250e+01 2.542735099792480469e+00 9.909260559082031250e+01 2.513589202020219091e+03
2.626151800155639648e+00 9.848457336425781250e+01 2.620718240737915039e+00 9.898872375488281250e+01 2.450148860977826189e+03
2.626151800155639648e+00 9.848457336425781250e+01 2.695208311080932617e+00 9.892404937744140625e+01 2.329986803549980323e+03
2.626151800155639648e+00 9.848457336425781250e+01 2.816009998321533203e+00 9.881053924560546875e+01 2.624415648457269072e+03
2.518174886703491211e+00 9.863951110839843750e+01 2.278584957122802734e+00 9.874678802490234375e+01 2.851305465545764037e+03
2.518174886703491211e+00 9.863951110839843750e+01 2.265061616897583008e+00 9.884958648681640625e+01 2.805481625526997959e+03
2.518174886703491211e+00 9.863951110839843750e+01 2.104069948196411133e+00 9.895868682861328125e+01 2.810336437864864365e+03
2.518174886703491211e+00 9.863951110839843750e+01 2.160723209381103516e+00 9.862948608398437500e+01 2.952464464567755840e+03
2.518174886703491211e+00 9.863951110839843750e+01 2.153630018234252930e+00 9.847654724121093750e+01 2.974553870117598308e+03
2.518174886703491211e+00 9.863951110839843750e+01 2.284437894821166992e+00 9.836296081542968750e+01 2.856635559124814336e+03
2.518174886703491211e+00 9.863951110839843750e+01 2.437789916992187500e+00 9.888670349121093750e+01 2.559934644199505328e+03
2.518174886703491211e+00 9.863951110839843750e+01 2.716820001602172852e+00 9.869258880615234375e+01 2.375083513148033035e+03
2.518174886703491211e+00 9.863951110839843750e+01 2.677619934082031250e+00 9.883699798583984375e+01 2.350458654267109068e+03
2.518174886703491211e+00 9.863951110839843750e+01 2.331146717071533203e+00 9.905257415771484375e+01 2.468023093300422715e+03
2.518174886703491211e+00 9.863951110839843750e+01 2.815013408660888672e+00 9.917713165283203125e+01 2.638701084641603757e+03
2.278584957122802734e+00 9.874678802490234375e+01 2.104069948196411133e+00 9.895868682861328125e+01 2.787473372213633411e+03
2.278584957122802734e+00 9.874678802490234375e+01 1.950483322143554688e+00 9.894409942626953125e+01 2.906631569500334990e+03
2.278584957122802734e+00 9.874678802490234375e+01 2.284437894821166992e+00 9.836296081542968750e+01 3.302563090894273955e+03
2.278584957122802734e+00 9.874678802490234375e+01 2.716820001602172852e+00 9.869258880615234375e+01 2.504822998271924007e+03
2.278584957122802734e+00 9.874678802490234375e+01 2.431531667709350586e+00 9.916289520263671875e+01 2.349165792024747589e+03
2.278584957122802734e+00 9.874678802490234375e+01 2.562353372573852539e+00 9.933911132812500000e+01 2.444606107793902083e+03
2.265061616897583008e+00 9.884958648681640625e+01 2.104069948196411133e+00 9.895868682861328125e+01 2.406272338849278185e+03
2.265061616897583008e+00 9.884958648681640625e+01 2.153630018234252930e+00 9.847654724121093750e+01 2.972989624143732271e+03
2.265061616897583008e+00 9.884958648681640625e+01 2.284437894821166992e+00 9.836296081542968750e+01 3.084093791271092869e+03
2.265061616897583008e+00 9.884958648681640625e+01 2.570430040359497070e+00 9.871682739257812500e+01 2.269660818845405629e+03
2.265061616897583008e+00 9.884958648681640625e+01 2.716820001602172852e+00 9.869258880615234375e+01 2.376630615264811695e+03
2.265061616897583008e+00 9.884958648681640625e+01 2.331146717071533203e+00 9.905257415771484375e+01 2.828647436681450927e+03
2.265061616897583008e+00 9.884958648681640625e+01 2.431531667709350586e+00 9.916289520263671875e+01 2.802272984092359820e+03
2.265061616897583008e+00 9.884958648681640625e+01 2.620718240737915039e+00 9.898872375488281250e+01 2.411339745286724337e+03
2.265061616897583008e+00 9.884958648681640625e+01 2.695208311080932617e+00 9.892404937744140625e+01 2.746330682977054039e+03
2.265061616897583008e+00 9.884958648681640625e+01 2.816009998321533203e+00 9.881053924560546875e+01 2.453262752901032400e+03
2.265061616897583008e+00 9.884958648681640625e+01 2.880765914916992188e+00 9.850036621093750000e+01 2.445693196910814549e+03
2.265061616897583008e+00 9.884958648681640625e+01 2.562353372573852539e+00 9.933911132812500000e+01 2.061055114138735917e+03
2.228559970855712891e+00 9.893597412109375000e+01 1.864310026168823242e+00 9.890687561035156250e+01 2.800977226776559746e+03
2.228559970855712891e+00 9.893597412109375000e+01 2.160723209381103516e+00 9.862948608398437500e+01 2.918871623949230070e+03
2.228559970855712891e+00 9.893597412109375000e+01 2.153630018234252930e+00 9.847654724121093750e+01 2.979253317018558846e+03
2.228559970855712891e+00 9.893597412109375000e+01 2.284437894821166992e+00 9.836296081542968750e+01 2.966283509528620925e+03
2.228559970855712891e+00 9.893597412109375000e+01 2.321415424346923828e+00 9.849951934814453125e+01 2.882182573188594233e+03
2.228559970855712891e+00 9.893597412109375000e+01 2.437789916992187500e+00 9.888670349121093750e+01 2.441510721667814323e+03
2.228559970855712891e+00 9.893597412109375000e+01 2.677619934082031250e+00 9.883699798583984375e+01 2.293996183661929081e+03
2.228559970855712891e+00 9.893597412109375000e+01 2.542735099792480469e+00 9.909260559082031250e+01 2.733140493023732688e+03
2.228559970855712891e+00 9.893597412109375000e+01 2.620718240737915039e+00 9.898872375488281250e+01 2.665402615106955636e+03
2.228559970855712891e+00 9.893597412109375000e+01 2.695208311080932617e+00 9.892404937744140625e+01 2.510686518123139649e+03
2.228559970855712891e+00 9.893597412109375000e+01 2.934155702590942383e+00 9.860175323486328125e+01 2.430712750083028368e+03
2.228559970855712891e+00 9.893597412109375000e+01 2.880765914916992188e+00 9.850036621093750000e+01 2.203845546366041617e+03
2.104069948196411133e+00 9.895868682861328125e+01 1.864310026168823242e+00 9.890687561035156250e+01 2.816473165258272729e+03
2.104069948196411133e+00 9.895868682861328125e+01 2.284437894821166992e+00 9.836296081542968750e+01 3.009350808800673349e+03
2.104069948196411133e+00 9.895868682861328125e+01 2.642735004425048828e+00 9.842424011230468750e+01 2.919381505310211196e+03
2.104069948196411133e+00 9.895868682861328125e+01 2.570430040359497070e+00 9.871682739257812500e+01 2.683494850101693828e+03
2.104069948196411133e+00 9.895868682861328125e+01 2.677619934082031250e+00 9.883699798583984375e+01 2.424726941309861104e+03
2.104069948196411133e+00 9.895868682861328125e+01 2.331146717071533203e+00 9.905257415771484375e+01 2.777106526020754700e+03
2.104069948196411133e+00 9.895868682861328125e+01 2.542735099792480469e+00 9.909260559082031250e+01 2.732071087885428824e+03
2.104069948196411133e+00 9.895868682861328125e+01 2.903500080108642578e+00 9.869284820556640625e+01 2.524283953745169129e+03
2.104069948196411133e+00 9.895868682861328125e+01 2.880765914916992188e+00 9.850036621093750000e+01 2.311182244665901180e+03
2.104069948196411133e+00 9.895868682861328125e+01 2.962328195571899414e+00 9.885092163085937500e+01 2.709274915708042954e+03
2.104069948196411133e+00 9.895868682861328125e+01 2.562353372573852539e+00 9.933911132812500000e+01 2.214757008937887804e+03
1.950483322143554688e+00 9.894409942626953125e+01 2.284437894821166992e+00 9.836296081542968750e+01 3.146202946953229002e+03
1.950483322143554688e+00 9.894409942626953125e+01 2.321415424346923828e+00 9.849951934814453125e+01 3.057262522068469480e+03
1.950483322143554688e+00 9.894409942626953125e+01 2.677619934082031250e+00 9.883699798583984375e+01 2.474563495191518996e+03
1.950483322143554688e+00 9.894409942626953125e+01 2.542735099792480469e+00 9.909260559082031250e+01 2.716080851420053023e+03
1.950483322143554688e+00 9.894409942626953125e+01 2.695208311080932617e+00 9.892404937744140625e+01 2.557929284396499952e+03
1.950483322143554688e+00 9.894409942626953125e+01 2.903500080108642578e+00 9.869284820556640625e+01 2.571531122209200930e+03
1.950483322143554688e+00 9.894409942626953125e+01 2.815013408660888672e+00 9.917713165283203125e+01 2.769823972223891360e+03
1.950483322143554688e+00 9.894409942626953125e+01 2.562353372573852539e+00 9.933911132812500000e+01 2.805438876375423206e+03
1.864310026168823242e+00 9.890687561035156250e+01 2.160723209381103516e+00 9.862948608398437500e+01 3.147360896750661141e+03
1.864310026168823242e+00 9.890687561035156250e+01 2.284437894821166992e+00 9.836296081542968750e+01 3.178585621115641516e+03
1.864310026168823242e+00 9.890687561035156250e+01 2.321415424346923828e+00 9.849951934814453125e+01 3.158922090562846734e+03
1.864310026168823242e+00 9.890687561035156250e+01 2.677619934082031250e+00 9.883699798583984375e+01 2.477176657969512235e+03
1.864310026168823242e+00 9.890687561035156250e+01 2.962640047073364258e+00 9.885051727294921875e+01 2.440328899217078742e+03
2.160723209381103516e+00 9.862948608398437500e+01 2.284437894821166992e+00 9.836296081542968750e+01 3.068593813008559664e+03
2.160723209381103516e+00 9.862948608398437500e+01 2.642735004425048828e+00 9.842424011230468750e+01 2.955900425892269141e+03
2.160723209381103516e+00 9.862948608398437500e+01 2.716820001602172852e+00 9.869258880615234375e+01 2.754166238045780574e+03
2.160723209381103516e+00 9.862948608398437500e+01 2.331146717071533203e+00 9.905257415771484375e+01 2.848969355637374520e+03
2.160723209381103516e+00 9.862948608398437500e+01 2.431531667709350586e+00 9.916289520263671875e+01 2.816979199771235926e+03
2.160723209381103516e+00 9.862948608398437500e+01 2.542735099792480469e+00 9.909260559082031250e+01 2.681934151559129987e+03
2.160723209381103516e+00 9.862948608398437500e+01 2.620718240737915039e+00 9.898872375488281250e+01 2.605099642789699374e+03
2.160723209381103516e+00 9.862948608398437500e+01 2.695208311080932617e+00 9.892404937744140625e+01 2.548108595809725102e+03
2.160723209381103516e+00 9.862948608398437500e+01 2.816009998321533203e+00 9.881053924560546875e+01 2.578849135089381434e+03
2.160723209381103516e+00 9.862948608398437500e+01 2.903500080108642578e+00 9.869284820556640625e+01 2.771003405041231872e+03
2.160723209381103516e+00 9.862948608398437500e+01 2.962328195571899414e+00 9.885092163085937500e+01 2.626795212286288461e+03
2.160723209381103516e+00 9.862948608398437500e+01 2.962640047073364258e+00 9.885051727294921875e+01 2.618002384919812357e+03
2.153630018234252930e+00 9.847654724121093750e+01 2.642735004425048828e+00 9.842424011230468750e+01 3.049617841878666695e+03
2.153630018234252930e+00 9.847654724121093750e+01 2.570430040359497070e+00 9.871682739257812500e+01 2.970778746872849297e+03
2.153630018234252930e+00 9.847654724121093750e+01 2.331146717071533203e+00 9.905257415771484375e+01 2.936432834294483200e+03
2.153630018234252930e+00 9.847654724121093750e+01 2.431531667709350586e+00 9.916289520263671875e+01 2.871207594248307032e+03
2.153630018234252930e+00 9.847654724121093750e+01 2.620718240737915039e+00 9.898872375488281250e+01 2.652054048799626344e+03
2.153630018234252930e+00 9.847654724121093750e+01 2.880765914916992188e+00 9.850036621093750000e+01 2.919380343819798327e+03
2.153630018234252930e+00 9.847654724121093750e+01 2.962640047073364258e+00 9.885051727294921875e+01 2.683516734158638883e+03
2.284437894821166992e+00 9.836296081542968750e+01 2.642735004425048828e+00 9.842424011230468750e+01 2.942812196622934607e+03
2.284437894821166992e+00 9.836296081542968750e+01 2.716820001602172852e+00 9.869258880615234375e+01 2.777321303467367215e+03
2.284437894821166992e+00 9.836296081542968750e+01 2.880765914916992188e+00 9.850036621093750000e+01 2.927229830218817824e+03
2.642735004425048828e+00 9.842424011230468750e+01 2.437789916992187500e+00 9.888670349121093750e+01 2.649975025269292473e+03
2.642735004425048828e+00 9.842424011230468750e+01 2.677619934082031250e+00 9.883699798583984375e+01 2.440051345541473893e+03
2.642735004425048828e+00 9.842424011230468750e+01 2.542735099792480469e+00 9.909260559082031250e+01 2.519845966919498096e+03
2.642735004425048828e+00 9.842424011230468750e+01 2.620718240737915039e+00 9.898872375488281250e+01 2.476609813240595940e+03
2.642735004425048828e+00 9.842424011230468750e+01 2.934155702590942383e+00 9.860175323486328125e+01 2.664455837099995733e+03
2.642735004425048828e+00 9.842424011230468750e+01 2.880765914916992188e+00 9.850036621093750000e+01 2.748359322530905047e+03
2.642735004425048828e+00 9.842424011230468750e+01 2.815013408660888672e+00 9.917713165283203125e+01 2.469965693932092563e+03
2.321415424346923828e+00 9.849951934814453125e+01 2.716820001602172852e+00 9.869258880615234375e+01 2.773425693753888027e+03
2.321415424346923828e+00 9.849951934814453125e+01 2.331146717071533203e+00 9.905257415771484375e+01 2.833572701994010004e+03
2.321415424346923828e+00 9.849951934814453125e+01 2.431531667709350586e+00 9.916289520263671875e+01 2.670753757767220577e+03
2.321415424346923828e+00 9.849951934814453125e+01 2.542735099792480469e+00 9.909260559082031250e+01 2.641039169399738967e+03
2.321415424346923828e+00 9.849951934814453125e+01 2.880765914916992188e+00 9.850036621093750000e+01 2.876352123095393381e+03
2.321415424346923828e+00 9.849951934814453125e+01 3.112422943115234375e+00 9.856379699707031250e+01 2.831118594493253568e+03
2.437789916992187500e+00 9.888670349121093750e+01 2.716820001602172852e+00 9.869258880615234375e+01 2.579234003432115969e+03
2.437789916992187500e+00 9.888670349121093750e+01 2.331146717071533203e+00 9.905257415771484375e+01 2.358919047935893559e+03
2.437789916992187500e+00 9.888670349121093750e+01 2.962328195571899414e+00 9.885092163085937500e+01 2.531632360412259914e+03
2.437789916992187500e+00 9.888670349121093750e+01 2.962640047073364258e+00 9.885051727294921875e+01 2.539671002835675154e+03
2.570430040359497070e+00 9.871682739257812500e+01 2.331146717071533203e+00 9.905257415771484375e+01 2.873077525609519853e+03
2.570430040359497070e+00 9.871682739257812500e+01 2.542735099792480469e+00 9.909260559082031250e+01 2.345000055527415043e+03
2.570430040359497070e+00 9.871682739257812500e+01 2.903500080108642578e+00 9.869284820556640625e+01 2.269379169331285993e+03
2.570430040359497070e+00 9.871682739257812500e+01 2.934155702590942383e+00 9.860175323486328125e+01 2.205642159066851946e+03
2.570430040359497070e+00 9.871682739257812500e+01 2.815013408660888672e+00 9.917713165283203125e+01 2.502693707025597632e+03
2.716820001602172852e+00 9.869258880615234375e+01 2.431531667709350586e+00 9.916289520263671875e+01 2.536516271079693524e+03
2.716820001602172852e+00 9.869258880615234375e+01 2.542735099792480469e+00 9.909260559082031250e+01 2.533880764983681729e+03
2.716820001602172852e+00 9.869258880615234375e+01 2.934155702590942383e+00 9.860175323486328125e+01 2.445409339232857747e+03
2.716820001602172852e+00 9.869258880615234375e+01 2.962328195571899414e+00 9.885092163085937500e+01 2.583376498263563008e+03
2.716820001602172852e+00 9.869258880615234375e+01 2.962640047073364258e+00 9.885051727294921875e+01 2.525302923080216715e+03
2.677619934082031250e+00 9.883699798583984375e+01 2.542735099792480469e+00 9.909260559082031250e+01 2.779755616188295789e+03
2.677619934082031250e+00 9.883699798583984375e+01 3.112422943115234375e+00 9.856379699707031250e+01 2.863167527335318482e+03
2.677619934082031250e+00 9.883699798583984375e+01 2.815013408660888672e+00 9.917713165283203125e+01 2.743985572187024445e+03
2.677619934082031250e+00 9.883699798583984375e+01 2.562353372573852539e+00 9.933911132812500000e+01 2.557628764520698496e+03
2.331146717071533203e+00 9.905257415771484375e+01 2.542735099792480469e+00 9.909260559082031250e+01 2.938923751041381365e+03
2.331146717071533203e+00 9.905257415771484375e+01 2.816009998321533203e+00 9.881053924560546875e+01 2.831356755047174374e+03
2.331146717071533203e+00 9.905257415771484375e+01 2.880765914916992188e+00 9.850036621093750000e+01 2.081866909536681305e+03
2.431531667709350586e+00 9.916289520263671875e+01 2.620718240737915039e+00 9.898872375488281250e+01 2.803081055647481662e+03
2.431531667709350586e+00 9.916289520263671875e+01 2.816009998321533203e+00 9.881053924560546875e+01 2.874626425038362413e+03
2.431531667709350586e+00 9.916289520263671875e+01 2.815013408660888672e+00 9.917713165283203125e+01 3.012234550955860414e+03
2.542735099792480469e+00 9.909260559082031250e+01 2.962328195571899414e+00 9.885092163085937500e+01 2.692986197199882554e+03
2.542735099792480469e+00 9.909260559082031250e+01 2.815013408660888672e+00 9.917713165283203125e+01 2.883792130551657920e+03
2.542735099792480469e+00 9.909260559082031250e+01 2.962640047073364258e+00 9.885051727294921875e+01 2.697338209091670251e+03
2.620718240737915039e+00 9.898872375488281250e+01 2.816009998321533203e+00 9.881053924560546875e+01 2.869543759632397268e+03
2.620718240737915039e+00 9.898872375488281250e+01 2.962328195571899414e+00 9.885092163085937500e+01 2.621307739915539059e+03
2.620718240737915039e+00 9.898872375488281250e+01 2.815013408660888672e+00 9.917713165283203125e+01 2.978285175565167265e+03
2.695208311080932617e+00 9.892404937744140625e+01 2.903500080108642578e+00 9.869284820556640625e+01 2.595545171243436926e+03
2.695208311080932617e+00 9.892404937744140625e+01 2.934155702590942383e+00 9.860175323486328125e+01 2.492822021886865969e+03
2.816009998321533203e+00 9.881053924560546875e+01 2.934155702590942383e+00 9.860175323486328125e+01 2.656986278540680360e+03
2.816009998321533203e+00 9.881053924560546875e+01 2.562353372573852539e+00 9.933911132812500000e+01 2.078240535413139696e+03
2.903500080108642578e+00 9.869284820556640625e+01 3.112422943115234375e+00 9.856379699707031250e+01 2.906719375466831025e+03
2.903500080108642578e+00 9.869284820556640625e+01 2.815013408660888672e+00 9.917713165283203125e+01 2.771862544282856561e+03
2.903500080108642578e+00 9.869284820556640625e+01 2.562353372573852539e+00 9.933911132812500000e+01 2.720379581063483784e+03
2.934155702590942383e+00 9.860175323486328125e+01 2.962328195571899414e+00 9.885092163085937500e+01 2.463151667154991628e+03
2.880765914916992188e+00 9.850036621093750000e+01 3.112422943115234375e+00 9.856379699707031250e+01 2.804128841790256956e+03
2.880765914916992188e+00 9.850036621093750000e+01 2.962640047073364258e+00 9.885051727294921875e+01 2.749929409386984844e+03
